36912
33018
38148
36540
42386
16867
4022
17089
28042
3385
48668
19089
49359
5468
24020
27579
32090
9770
31680
26228
43453
28641
7109
13943
41098
27037
22433
1406
28244
26190
29021
38428
35612
48855
44707
48479
20091
2309
2552
38043
39567
49222
16607
27472
15339
14057
13510
9897
13889
41618
19774
29259
47610
11268
1789
46333
44548
40323
3604
1327
19366
18339
40508
43284
28636
15310
36015
14850
29791
35560
17825
17633
26310
22829
49844
45950
175
36574
17212
37703
16184
1335
36554
7689
47150
29525
38494
7654
25120
34439
18259
25425
44412
38687
8641
31401
2270
26860
40677
1438
