10033
14469
4604
22049
1666
29932
21304
25614
25959
4894
33805
9231
27439
43348
32443
35931
6753
27965
18564
12791
17958
44729
44099
14882
18110
15623
37209
44408
8725
2751
19009
26027
36892
24116
6786
21952
33899
6054
18278
22562
19593
25138
36101
40145
14295
434
22277
30627
32020
15029
3218
27687
31467
31930
41359
9299
15500
44047
17402
43574
11398
38608
19483
3266
3094
33435
29972
42056
11310
31745
18572
24409
44394
43497
33147
8677
16276
17507
8541
32785
42049
3292
45781
28194
30278
17407
43441
48781
24375
26326
34358
37817
19857
33774
2309
37993
10992
45670
41934
35261
43729
22987
7853
44571
33593
29111
39404
23304
14643
27489
22177
18202
34525
20501
27107
43762
27336
22412
39228
41375
48846
18193
45585
33609
11992
42069
6679
42693
26046
13227
37523
38113
40641
9073
35026
40513
924
234
7820
5917
20815
30157
20948
18684
3106
5557
27319
44532
6697
2073
19335
5467
18867
14868
30505
33571
26790
15126
33763
26965
35075
38410
2830
13553
31570
14593
4988
10318
298
32147
25613
19364
42263
1400
12262
32843
35476
10902
28264
49132
781
10126
11049
44990
33938
20895
25077
17620
30078
27668
4265
19516
5280
42966
8055
37201
9060
15651
13329
38917
27683
23166
10979
23159
33324
46586
1112
2080
20690
8159
25233
32818
24755
12296
12962
49814
10579
26803
18165
21061
1654
25075
42003
813
42593
1240
3342
36930
24760
6947
38348
16505
42562
16771
5565
24997
8145
24362
29682
38384
36071
30338
32201
3448
31416
27184
4197
4924
18614
31285
34289
39842
12408
31849
36303
15259
23985
23142
15257
6463
30947
35028
29046
4740
4140
31975
13939
16394
1021
39568
47430
49657
16144
20635
29678
36629
12010
42204
9316
3917
47865
4381
46247
28008
28432
46659
23996
38291
2525
12887
1463
42416
42881
33383
41250
13108
28376
7952
46301
24378
15143
47580
6698
46889
23345
37445
2949
1940
40502
6083
7323
11481
20630
32445
23570
49199
40856
18606
20182
37581
35672
29902
47004
17328
35048
9694
46365
33058
26757
10098
31701
6165
40465
22370
12390
35464
43338
15413
26608
3484
34700
33061
14678
8744
9110
47601
18815
48391
18667
7302
3228
3383
23921
41445
19327
27193
29718
199
42169
48900
42500
19755
23157
36708
49971
12854
2597
23259
6340
28902
27421
37548
10088
48326
30008
19814
38228
20762
44107
5874
21154
35090
27617
41226
42444
22338
18575
15807
24615
45792
45852
26452
31179
14213
37460
7490
36033
21123
44568
10583
46802
22055
40875
30350
16004
13361
22632
49174
2723
12826
13435
3608
9775
8671
12439
34233
40725
29659
38211
1531
10665
20763
14137
12989
19141
7944
5297
32725
29245
2093
3359
28857
15934
9068
34743
1036
3557
39944
40817
21306
16449
5227
10731
6449
32943
38961
13790
36011
24987
40845
18863
28210
18903
33874
6599
32940
24500
24426
42501
49499
4116
448
36911
35925
38759
20722
36951
25172
21834
16085
40955
27972
15234
24434
44800
5270
24177
1779
17465
20958
24402
7038
33346
10175
48598
43833
46067
27471
18276
34047
2834
43351
16606
20645
27414
37910
38347
35050
16231
39580
