0,1,17.064274,1,13.664671,243,27,13.567372,27.1,0.0035912411823628507,0.0035912411823628507,0.15
[-0.86908036613181]
20,1,9.111374,1,8.204741,243,25,8.151486,14.8,0.0035912411823628507,0.0035912411823628507,0.20
[-0.43813142424826784]
40,1,16.911900,1,14.604915,243,28,14.520229,23.6,0.0035912411823628507,0.0035912411823628507,0.15
[-0.5961460362722333]
60,1,14.567862,1,13.007369,243,24,12.903363,29.0,0.0035912411823628507,0.0035912411823628507,0.17
[-0.14364964729451402]
80,1,12.637167,1,10.486995,243,19,10.406405,22.4,0.0035912411823628507,0.0035912411823628507,0.16
[-0.21547447094177108]
100,1,12.756292,1,11.027739,243,36,10.939506,24.6,0.0035912411823628507,0.0035912411823628507,0.16
[0.5458686597191532]
120,1,15.048113,1,13.735622,243,16,13.672874,17.5,0.0035912411823628507,0.0035912411823628507,0.17
[-0.2370219180359482]
140,1,12.154953,1,9.913963,243,20,9.840991,20.3,0.0035912411823628507,0.0035912411823628507,0.15
[0.7326132012020216]
160,1,3.622992,1,3.555296,243,23,3.433722,33.9,0.0035912411823628507,0.0035912411823628507,0.16
[0.014364964729451368]
180,1,18.801434,1,16.060644,243,32,15.970374,25.1,0.0035912411823628507,0.0035912411823628507,0.15
[0.8690803661318097]
200,1,15.687366,1,14.686247,243,21,14.619411,18.6,0.0035912411823628507,0.0035912411823628507,0.15
[0.8331679543081812]
220,1,9.712105,1,8.692547,243,20,8.614850,21.6,0.0035912411823628507,0.0035912411823628507,0.17
[-0.16519709438869112]
240,1,16.013948,1,15.134970,243,36,15.050862,23.4,0.0035912411823628507,0.0035912411823628507,0.17
[-0.0790073060119828]
260,1,23.694479,1,19.313429,243,27,19.178562,37.6,0.0035912411823628507,0.0035912411823628507,0.14
[-0.33039418877738225]
280,1,20.233681,1,15.232069,243,22,15.096487,37.8,0.0035912411823628507,0.0035912411823628507,0.16
[-0.8331679543081814]
300,1,7.871102,1,7.871102,243,0,7.760643,30.8,0.0035912411823628507,0.0035912411823628507,0.14
[0.0]
320,1,6.409620,1,5.816727,243,28,5.723588,25.9,0.0035912411823628507,0.0035912411823628507,0.15
[0.5243212126249762]
340,1,5.117974,0,-0.686194,243,20,-0.874314,52.4,0.0035912411823628507,0.0035912411823628507,0.17
[-0.81880298957873]
360,1,12.741845,1,9.141207,243,33,9.050184,25.3,0.0035912411823628507,0.0035912411823628507,0.20
[-0.86908036613181]
380,1,22.660614,1,20.655312,243,18,20.573441,22.8,0.0035912411823628507,0.0035912411823628507,0.17
[-0.624875965731136]
400,1,14.063629,1,8.828976,243,26,8.708739,33.5,0.0035912411823628507,0.0035912411823628507,0.18
[-0.44531390661299347]
420,1,10.247392,1,8.238537,243,49,8.136169,28.5,0.0035912411823628507,0.0035912411823628507,0.18
[-0.86908036613181]
440,1,16.043364,1,14.824042,243,27,14.758213,18.3,0.0035912411823628507,0.0035912411823628507,0.17
[0.12210220020033713]
460,1,11.736216,1,8.888815,243,33,8.677031,59.0,0.0035912411823628507,0.0035912411823628507,0.19
[0.27293432985957666]
480,1,15.652220,1,14.637612,243,18,14.545400,25.7,0.0035912411823628507,0.0035912411823628507,0.18
[-0.17237957675341686]
500,1,26.608952,1,21.786926,243,29,21.671347,32.2,0.0035912411823628507,0.0035912411823628507,0.19
[-0.30884674168320514]
520,1,16.323086,1,14.719500,243,44,14.585654,37.3,0.0035912411823628507,0.0035912411823628507,0.17
[0.8690803661318097]
540,1,16.365032,1,6.736496,243,25,6.547388,52.7,0.0035912411823628507,0.0035912411823628507,0.19
[-0.86908036613181]
560,1,13.425747,1,11.952662,243,34,11.874715,21.7,0.0035912411823628507,0.0035912411823628507,0.19
[0.2011095062123197]
580,1,14.672754,1,11.628493,243,22,11.530816,27.2,0.0035912411823628507,0.0035912411823628507,0.17
[0.21547447094177097]
600,1,13.478420,1,10.533171,243,29,10.439880,26.0,0.0035912411823628507,0.0035912411823628507,0.19
[0.20829198857704545]
620,1,15.832903,1,14.652309,243,21,14.587999,17.9,0.0035912411823628507,0.0035912411823628507,0.17
[0.16519709438869146]
640,1,19.166330,1,15.629974,243,38,15.537285,25.8,0.0035912411823628507,0.0035912411823628507,0.17
[0.6536058951900386]
660,1,19.249565,1,18.414331,243,24,18.260976,42.7,0.0035912411823628507,0.0035912411823628507,0.17
[-0.03591241182362859]
680,1,13.601084,1,11.795144,243,30,11.706143,24.8,0.0035912411823628507,0.0035912411823628507,0.17
[0.5458686597191532]
700,1,19.894911,1,15.273359,243,30,15.152361,33.7,0.0035912411823628507,0.0035912411823628507,0.17
[0.8690803661318097]
720,1,10.992125,1,8.282103,243,25,8.190043,25.6,0.0035912411823628507,0.0035912411823628507,0.18
[-0.5386861773544276]
740,1,0.968774,0,-2.496253,243,24,-2.677324,50.4,0.0035912411823628507,0.0035912411823628507,0.19
[-0.5745985891780561]
760,1,8.899773,1,7.099143,243,24,6.992742,29.6,0.0035912411823628507,0.0035912411823628507,0.18
[0.37348908296573635]
780,1,16.885010,1,13.427376,243,18,13.321773,29.4,0.0035912411823628507,0.0035912411823628507,0.18
[-0.7541606482961987]
800,1,7.087658,1,6.914011,243,27,6.839637,20.7,0.0035912411823628507,0.0035912411823628507,0.17
[0.10055475310616013]
820,1,14.796530,1,10.285522,243,30,10.197334,24.6,0.0035912411823628507,0.0035912411823628507,0.19
[0.8690803661318097]
840,1,15.577200,1,14.106703,243,21,14.022333,23.5,0.0035912411823628507,0.0035912411823628507,0.19
[-0.2011095062123196]
860,1,15.326376,1,13.364468,243,29,13.268056,26.8,0.0035912411823628507,0.0035912411823628507,0.16
[0.5745985891780562]
880,1,14.449162,1,12.422396,243,21,12.342769,22.2,0.0035912411823628507,0.0035912411823628507,0.19
[-0.5889635539075075]
900,1,2.665615,0,-0.011387,243,25,-0.206970,54.5,0.0035912411823628507,0.0035912411823628507,0.19
[-0.86908036613181]
920,1,16.438301,1,14.032530,243,23,13.920065,31.3,0.0035912411823628507,0.0035912411823628507,0.19
[-0.6105110010016847]
940,1,9.464516,1,5.694652,243,26,5.627422,18.7,0.0035912411823628507,0.0035912411823628507,0.21
[-0.8547154014023585]
960,1,14.774525,1,11.648330,243,28,11.557181,25.4,0.0035912411823628507,0.0035912411823628507,0.18
[0.8044380248492785]
980,1,25.792372,1,21.064182,243,28,20.892338,47.9,0.0035912411823628507,0.0035912411823628507,0.20
[0.8690803661318097]
1000,1,15.611584,1,12.511435,243,26,12.457186,15.1,0.0035912411823628507,0.0035912411823628507,0.18
[0.8690803661318097]
1020,1,23.484915,1,20.448854,243,31,20.340479,30.2,0.0035912411823628507,0.0035912411823628507,0.19
[-0.8259854719434557]
1040,1,19.812819,1,16.560707,243,27,16.463861,27.0,0.0035912411823628507,0.0035912411823628507,0.17
[0.8116205072140042]
1060,1,14.243061,1,12.547070,243,38,12.444591,28.5,0.0035912411823628507,0.0035912411823628507,0.18
[-0.7254307188372959]
1080,1,12.215489,1,10.187553,243,25,10.108106,22.1,0.0035912411823628507,0.0035912411823628507,0.18
[0.8547154014023582]
1100,1,16.282640,1,12.920835,243,18,12.831856,24.8,0.0035912411823628507,0.0035912411823628507,0.18
[0.6033285186369587]
1120,1,15.622883,1,14.076330,243,26,13.945877,36.3,0.0035912411823628507,0.0035912411823628507,0.18
[0.06464234128253121]
1140,1,14.787079,1,13.054592,243,30,12.954196,28.0,0.0035912411823628507,0.0035912411823628507,0.17
[0.5889635539075074]
1160,1,13.483687,1,11.133286,243,25,11.048486,23.6,0.0035912411823628507,0.0035912411823628507,0.20
[-0.86908036613181]
1180,1,21.396906,1,17.041178,243,26,16.931591,30.5,0.0035912411823628507,0.0035912411823628507,0.18
[0.7828905777551015]
1200,1,12.991738,1,9.084259,243,30,8.972152,31.2,0.0035912411823628507,0.0035912411823628507,0.17
[0.8475329190376327]
1220,1,17.892635,1,16.416660,243,30,16.354532,17.3,0.0035912411823628507,0.0035912411823628507,0.18
[-0.4884088008013477]
1240,1,13.528664,1,12.121705,243,27,12.019599,28.4,0.0035912411823628507,0.0035912411823628507,0.18
[-0.4165839771540907]
example 1260 is misclassified, pass
1280,1,18.576963,1,16.381689,243,49,16.285931,26.7,0.0035912411823628507,0.0035912411823628507,0.18
[-0.2226569533064967]
1300,1,14.807665,1,11.270051,243,20,11.176993,25.9,0.0035912411823628507,0.0035912411823628507,0.18
[0.7326132012020216]
1320,1,18.799757,1,15.533437,243,26,15.365856,46.7,0.0035912411823628507,0.0035912411823628507,0.20
[-0.8116205072140042]
1340,1,14.158349,1,12.856523,243,16,12.781513,20.9,0.0035912411823628507,0.0035912411823628507,0.18
[0.21547447094177097]
1360,1,19.158264,1,16.556200,243,34,16.467943,24.6,0.0035912411823628507,0.0035912411823628507,0.19
[0.8690803661318097]
1380,1,13.181866,1,11.728992,243,25,11.608778,33.5,0.0035912411823628507,0.0035912411823628507,0.19
[-0.11491971783561117]
1400,1,9.422705,1,8.481104,243,18,8.413323,18.9,0.0035912411823628507,0.0035912411823628507,0.18
[-0.17237957675341686]
1420,1,11.456078,1,9.988771,243,23,9.902273,24.1,0.0035912411823628507,0.0035912411823628507,0.18
[-0.1795620591181425]
1440,1,11.235821,1,8.460885,243,23,8.331014,36.2,0.0035912411823628507,0.0035912411823628507,0.19
[-0.86908036613181]
1460,1,16.416531,1,15.144760,243,32,15.071834,20.3,0.0035912411823628507,0.0035912411823628507,0.18
[0.2872992945890279]
1480,1,23.615156,1,19.784782,243,28,19.670361,31.9,0.0035912411823628507,0.0035912411823628507,0.17
[-0.337576671142108]
1500,1,4.237680,1,1.714938,243,23,1.583406,36.6,0.0035912411823628507,0.0035912411823628507,0.19
[0.8331679543081812]
1520,1,6.586692,1,5.346285,243,26,5.234040,31.3,0.0035912411823628507,0.0035912411823628507,0.18
[-0.14364964729451402]
1540,1,16.486704,1,12.693045,243,26,12.597662,26.6,0.0035912411823628507,0.0035912411823628507,0.20
[0.8690803661318097]
1560,1,20.777367,1,17.612032,243,22,17.480223,36.7,0.0035912411823628507,0.0035912411823628507,0.18
[0.2801168122243022]
1580,1,16.302620,1,14.763012,243,24,14.666614,26.8,0.0035912411823628507,0.0035912411823628507,0.19
[0.8690803661318097]
1600,1,11.668488,1,9.144490,243,26,9.067175,21.5,0.0035912411823628507,0.0035912411823628507,0.19
[0.39503653005991335]
1620,1,8.439411,1,7.121696,243,20,7.008095,31.6,0.0035912411823628507,0.0035912411823628507,0.19
[0.2011095062123197]
1640,1,12.399036,1,9.998873,243,29,9.919851,22.0,0.0035912411823628507,0.0035912411823628507,0.19
[-0.86908036613181]
1660,1,9.789992,1,8.084786,243,25,7.968914,32.3,0.0035912411823628507,0.0035912411823628507,0.19
[0.4453139066129933]
1680,1,13.484389,1,11.909796,243,16,11.814456,26.5,0.0035912411823628507,0.0035912411823628507,0.18
[-0.624875965731136]
1700,1,14.222455,1,13.687915,243,26,13.619256,19.1,0.0035912411823628507,0.0035912411823628507,0.19
[0.1364671649297885]
1720,1,12.946386,1,11.357729,243,39,11.274820,23.1,0.0035912411823628507,0.0035912411823628507,0.18
[-0.35194163587155936]
1740,1,16.665979,1,12.795135,243,28,12.667509,35.5,0.0035912411823628507,0.0035912411823628507,0.18
[0.8690803661318097]
1760,1,16.668203,1,13.772913,243,20,13.672375,28.0,0.0035912411823628507,0.0035912411823628507,0.17
[-0.3016642593184795]
1780,1,20.482361,1,17.879871,243,31,17.795447,23.5,0.0035912411823628507,0.0035912411823628507,0.17
[0.8331679543081812]
1800,1,9.700348,1,7.109547,243,26,7.033521,21.2,0.0035912411823628507,0.0035912411823628507,0.19
[0.37348908296573635]
1820,1,19.630825,1,17.194464,243,34,17.078715,32.2,0.0035912411823628507,0.0035912411823628507,0.18
[0.1580146120239655]
1840,1,22.233213,1,19.883533,243,24,19.760419,34.3,0.0035912411823628507,0.0035912411823628507,0.19
[0.39503653005991335]
1860,1,15.171288,1,13.130569,243,18,13.029719,28.1,0.0035912411823628507,0.0035912411823628507,0.18
[0.6033285186369587]
1880,1,9.117659,1,3.740336,243,24,3.564512,49.0,0.0035912411823628507,0.0035912411823628507,0.20
[0.8690803661318097]
1900,1,8.997969,1,7.854019,243,37,7.708473,40.5,0.0035912411823628507,0.0035912411823628507,0.19
[-0.86908036613181]
1920,1,13.729300,1,9.538472,243,25,9.402126,38.0,0.0035912411823628507,0.0035912411823628507,0.19
[-0.35194163587155936]
1940,1,4.202732,0,-6.934677,243,25,-7.122936,52.4,0.0035912411823628507,0.0035912411823628507,0.20
[-0.86908036613181]
1960,1,19.781139,1,16.702599,243,28,16.538513,45.7,0.0035912411823628507,0.0035912411823628507,0.19
[-0.14364964729451402]
1980,1,17.739988,1,15.402826,243,20,15.308438,26.3,0.0035912411823628507,0.0035912411823628507,0.17
[0.5386861773544275]
2000,1,6.512959,1,6.512959,243,0,6.421712,25.4,0.0035912411823628507,0.0035912411823628507,0.19
[0.0]
2020,1,19.050014,1,14.674044,243,19,14.550588,34.4,0.0035912411823628507,0.0035912411823628507,0.18
[-0.2801168122243024]
example 2040 is misclassified, pass
2060,1,14.803131,1,11.815777,243,26,11.758666,15.9,0.0035912411823628507,0.0035912411823628507,0.19
[0.8690803661318097]
2080,1,21.584431,1,16.826185,243,20,16.707164,33.1,0.0035912411823628507,0.0035912411823628507,0.17
[-0.3016642593184795]
2100,1,19.534967,1,17.269901,243,12,17.190819,22.0,0.0035912411823628507,0.0035912411823628507,0.19
[-0.3232117064126566]
2120,1,20.957150,1,18.937626,243,30,18.814423,34.3,0.0035912411823628507,0.0035912411823628507,0.19
[0.24420440040067393]
2140,1,13.734086,1,10.982024,243,19,10.858759,34.3,0.0035912411823628507,0.0035912411823628507,0.20
[-0.7326132012020216]
2160,1,11.767057,1,9.166187,243,26,9.087629,21.9,0.0035912411823628507,0.0035912411823628507,0.20
[-0.3591241182362851]
2180,1,14.601070,1,13.958680,243,32,13.903919,15.2,0.0035912411823628507,0.0035912411823628507,0.18
[-0.10055475310615991]
2200,1,14.343937,1,9.350057,243,29,9.200828,41.6,0.0035912411823628507,0.0035912411823628507,0.19
[-0.6320584480958618]
2220,1,17.114906,1,13.108921,243,19,13.028414,22.4,0.0035912411823628507,0.0035912411823628507,0.16
[0.6248759657311359]
2240,1,19.144444,1,16.171886,243,37,16.082386,24.9,0.0035912411823628507,0.0035912411823628507,0.19
[0.746978165931473]
2260,1,31.497772,1,23.696188,243,28,23.411578,79.3,0.0035912411823628507,0.0035912411823628507,0.17
[-0.6607883775547646]
2280,1,11.214309,1,6.250929,243,32,6.102329,41.4,0.0035912411823628507,0.0035912411823628507,0.18
[0.8690803661318097]
2300,1,18.077780,1,16.542398,243,23,16.401701,39.2,0.0035912411823628507,0.0035912411823628507,0.18
[-0.86908036613181]
2320,1,10.374676,1,7.656764,243,26,7.585744,19.8,0.0035912411823628507,0.0035912411823628507,0.19
[-0.3591241182362851]
2340,1,18.074005,1,14.626581,243,28,14.530832,26.7,0.0035912411823628507,0.0035912411823628507,0.19
[0.8690803661318097]
2360,1,13.367147,1,10.206926,243,29,10.145545,17.1,0.0035912411823628507,0.0035912411823628507,0.18
[0.6392409304605874]
2380,1,11.678680,1,7.090694,243,9,6.947964,39.7,0.0035912411823628507,0.0035912411823628507,0.20
[-0.6464234128253131]
2400,1,11.485603,1,10.460792,243,41,10.343657,32.6,0.0035912411823628507,0.0035912411823628507,0.18
[0.10055475310616013]
2420,1,15.397129,1,13.853898,243,28,13.774844,22.0,0.0035912411823628507,0.0035912411823628507,0.19
[0.7397956835667473]
2440,1,14.915205,1,13.314407,243,9,13.194871,33.3,0.0035912411823628507,0.0035912411823628507,0.16
[0.7110657541078446]
2460,1,17.988340,1,14.241734,243,32,14.113587,35.7,0.0035912411823628507,0.0035912411823628507,0.17
[-0.6823358246489417]
2480,1,7.627797,1,5.953257,243,24,5.868305,23.7,0.0035912411823628507,0.0035912411823628507,0.19
[-0.8547154014023585]
2500,1,14.354244,1,12.556753,243,14,12.408746,41.2,0.0035912411823628507,0.0035912411823628507,0.17
[0.06464234128253121]
2520,1,24.061136,1,20.487024,243,10,20.318935,46.8,0.0035912411823628507,0.0035912411823628507,0.19
[-0.5171387302602506]
2540,1,12.209914,1,10.501813,243,29,10.429210,20.2,0.0035912411823628507,0.0035912411823628507,0.17
[-0.675153342284216]
2560,1,10.811181,1,7.793524,243,19,7.703261,25.1,0.0035912411823628507,0.0035912411823628507,0.19
[0.6248759657311359]
2580,1,12.015711,1,8.727160,243,37,8.662273,18.1,0.0035912411823628507,0.0035912411823628507,0.17
[0.746978165931473]
2600,1,24.821369,1,20.721128,243,11,20.571099,41.8,0.0035912411823628507,0.0035912411823628507,0.18
[0.3232117064126564]
2620,1,12.061234,1,9.980284,243,10,9.917554,17.5,0.0035912411823628507,0.0035912411823628507,0.19
[0.2585693651301252]
2640,1,17.059807,1,14.510451,243,23,14.373877,38.0,0.0035912411823628507,0.0035912411823628507,0.19
[-0.45967887134244495]
2660,1,13.298145,1,11.747377,243,34,11.679532,18.9,0.0035912411823628507,0.0035912411823628507,0.19
[0.1364671649297885]
2680,1,15.169806,1,11.742919,243,32,11.652822,25.1,0.0035912411823628507,0.0035912411823628507,0.18
[-0.6607883775547646]
2700,1,10.460997,1,7.733520,243,28,7.608451,34.8,0.0035912411823628507,0.0035912411823628507,0.20
[0.6320584480958616]
2720,1,5.148533,1,3.860594,243,25,3.734606,35.1,0.0035912411823628507,0.0035912411823628507,0.17
[0.790073060119827]
2740,1,9.499434,1,8.943527,243,23,8.885130,16.3,0.0035912411823628507,0.0035912411823628507,0.20
[-0.08618978837670843]
2760,1,5.856636,1,4.588608,243,44,4.441068,41.1,0.0035912411823628507,0.0035912411823628507,0.18
[-0.4237664595188164]
2780,1,15.230928,1,10.560181,243,25,10.444612,32.2,0.0035912411823628507,0.0035912411823628507,0.18
[0.3591241182362851]
2800,1,12.361253,1,10.249580,243,19,10.128325,33.8,0.0035912411823628507,0.0035912411823628507,0.18
[0.10773723547088587]
2820,1,16.855572,1,13.504537,243,20,13.301026,56.7,0.0035912411823628507,0.0035912411823628507,0.20
[-0.4309489418835421]
2840,1,19.805218,1,17.220331,243,34,17.113136,29.8,0.0035912411823628507,0.0035912411823628507,0.17
[-0.14364964729451402]
2860,1,12.617325,1,9.352308,243,23,9.285079,18.7,0.0035912411823628507,0.0035912411823628507,0.19
[-0.86908036613181]
2880,1,19.346703,1,17.780737,243,17,17.679997,28.1,0.0035912411823628507,0.0035912411823628507,0.18
[-0.409401494789365]
2900,1,10.513236,1,8.732972,243,21,8.619318,31.6,0.0035912411823628507,0.0035912411823628507,0.21
[-0.2226569533064967]
2920,1,10.646751,1,8.087922,243,26,8.003200,23.6,0.0035912411823628507,0.0035912411823628507,0.17
[-0.5745985891780561]
2940,1,14.571171,1,12.772430,243,19,12.608355,45.7,0.0035912411823628507,0.0035912411823628507,0.18
[-0.06464234128253132]
2960,1,12.522276,1,11.531900,243,25,11.444694,24.3,0.0035912411823628507,0.0035912411823628507,0.19
[0.14364964729451424]
2980,1,8.866598,1,7.587506,243,2,7.527848,16.6,0.0035912411823628507,0.0035912411823628507,0.18
[0.5817810715427817]
3000,1,11.265170,1,9.452168,243,49,9.371087,22.6,0.0035912411823628507,0.0035912411823628507,0.17
[0.8116205072140042]
3020,1,18.711605,1,17.431164,243,47,17.328359,28.6,0.0035912411823628507,0.0035912411823628507,0.18
[-0.09337227074143406]
3040,1,10.020179,1,8.732632,243,24,8.675515,15.9,0.0035912411823628507,0.0035912411823628507,0.19
[-0.8331679543081814]
3060,1,2.413075,0,-0.619993,243,39,-0.794167,48.5,0.0035912411823628507,0.0035912411823628507,0.17
[-0.11491971783561117]
3080,1,25.816004,1,23.020716,243,24,22.892147,35.8,0.0035912411823628507,0.0035912411823628507,0.20
[-0.16519709438869112]
3100,1,10.554890,1,9.147574,243,7,9.028011,33.3,0.0035912411823628507,0.0035912411823628507,0.18
[-0.6464234128253131]
3120,1,23.560917,1,21.134413,243,24,21.033116,28.2,0.0035912411823628507,0.0035912411823628507,0.19
[-0.12210220020033691]
3140,1,19.809902,1,17.021666,243,30,16.930758,25.3,0.0035912411823628507,0.0035912411823628507,0.18
[0.30884674168320514]
3160,1,7.365550,1,5.389191,243,8,5.281416,30.0,0.0035912411823628507,0.0035912411823628507,0.21
[0.19392702384759397]
3180,1,24.642509,1,21.084167,243,23,20.910555,48.3,0.0035912411823628507,0.0035912411823628507,0.17
[-0.8475329190376328]
3200,1,17.602737,1,16.333817,243,8,16.251443,22.9,0.0035912411823628507,0.0035912411823628507,0.19
[-0.12928468256506265]
3220,1,19.285389,1,14.856250,243,43,14.736931,33.2,0.0035912411823628507,0.0035912411823628507,0.16
[-0.86908036613181]
3240,1,8.147497,1,6.915113,243,23,6.856906,16.2,0.0035912411823628507,0.0035912411823628507,0.20
[-0.1795620591181425]
3260,1,13.379356,1,10.727424,243,32,10.596255,36.5,0.0035912411823628507,0.0035912411823628507,0.16
[-0.4884088008013477]
3280,1,12.430124,1,10.499912,243,28,10.410914,24.8,0.0035912411823628507,0.0035912411823628507,0.18
[-0.5099562478955249]
3300,1,17.421551,1,16.553799,243,28,16.429563,34.6,0.0035912411823628507,0.0035912411823628507,0.17
[-0.057459858917805695]
3320,1,17.838287,1,16.774464,243,25,16.696633,21.7,0.0035912411823628507,0.0035912411823628507,0.18
[0.10773723547088587]
3340,1,22.651651,1,18.836082,243,25,18.696683,38.8,0.0035912411823628507,0.0035912411823628507,0.18
[-0.39503653005991357]
3360,1,12.667851,1,10.589258,243,19,10.528281,17.0,0.0035912411823628507,0.0035912411823628507,0.18
[0.2370219180359482]
3380,1,18.446161,1,16.384455,243,40,16.284380,27.9,0.0035912411823628507,0.0035912411823628507,0.17
[0.8690803661318097]
3400,1,17.616623,1,14.063741,243,28,13.981977,22.8,0.0035912411823628507,0.0035912411823628507,0.17
[0.39503653005991335]
3420,1,16.690020,1,14.670815,243,24,14.567637,28.7,0.0035912411823628507,0.0035912411823628507,0.18
[-0.5099562478955249]
3440,1,15.394641,1,14.385086,243,13,14.276129,30.3,0.0035912411823628507,0.0035912411823628507,0.16
[-0.06464234128253132]
3460,1,13.874144,1,11.608170,243,28,11.494256,31.7,0.0035912411823628507,0.0035912411823628507,0.17
[0.6536058951900386]
3480,1,18.739819,1,15.502013,243,26,15.373782,35.7,0.0035912411823628507,0.0035912411823628507,0.18
[-0.4884088008013477]
3500,1,16.675383,1,13.395974,243,17,13.324125,20.0,0.0035912411823628507,0.0035912411823628507,0.18
[0.4955912831660735]
3520,1,2.803095,1,0.197236,243,40,0.109680,24.4,0.0035912411823628507,0.0035912411823628507,0.18
[0.41658397715409035]
3540,1,15.346993,1,13.398675,243,27,13.328701,19.5,0.0035912411823628507,0.0035912411823628507,0.19
[0.22983943567122267]
3560,1,13.979475,1,12.626249,243,16,12.553820,20.2,0.0035912411823628507,0.0035912411823628507,0.18
[-0.17237957675341686]
3580,1,7.340947,1,6.246877,243,24,6.164062,23.1,0.0035912411823628507,0.0035912411823628507,0.19
[0.7326132012020216]
3600,1,8.273141,1,6.628384,243,25,6.451247,49.3,0.0035912411823628507,0.0035912411823628507,0.17
[0.14364964729451424]
3620,1,19.322283,1,15.758011,243,31,15.654717,28.8,0.0035912411823628507,0.0035912411823628507,0.18
[-0.30884674168320514]
3640,1,11.763628,1,9.236735,243,24,9.167512,19.3,0.0035912411823628507,0.0035912411823628507,0.18
[-0.2370219180359482]
3660,1,20.769297,1,18.594402,243,30,18.479472,32.0,0.0035912411823628507,0.0035912411823628507,0.19
[0.8690803661318097]
3680,1,14.821492,1,13.004621,243,27,12.918373,24.0,0.0035912411823628507,0.0035912411823628507,0.17
[-0.24420440040067382]
3700,1,16.457466,1,14.145547,243,25,14.026441,33.2,0.0035912411823628507,0.0035912411823628507,0.19
[0.6392409304605874]
3720,1,14.307046,1,13.148314,243,26,13.056367,25.6,0.0035912411823628507,0.0035912411823628507,0.19
[-0.3591241182362851]
3740,1,22.016186,1,18.015400,243,19,17.862792,42.5,0.0035912411823628507,0.0035912411823628507,0.18
[-0.5386861773544276]
3760,1,13.338620,1,11.057842,243,18,10.963617,26.2,0.0035912411823628507,0.0035912411823628507,0.18
[0.4094014947893646]
3780,1,5.820024,1,4.030903,243,24,3.821190,58.4,0.0035912411823628507,0.0035912411823628507,0.18
[0.07182482364725684]
3800,1,10.668091,1,8.527874,243,9,8.455532,20.1,0.0035912411823628507,0.0035912411823628507,0.21
[-0.4524963889777192]
3820,1,13.119156,1,8.508539,243,23,8.379074,36.1,0.0035912411823628507,0.0035912411823628507,0.21
[-0.86908036613181]
3840,1,13.375667,1,12.098946,243,20,12.036672,17.3,0.0035912411823628507,0.0035912411823628507,0.18
[0.3447591535068334]
3860,1,15.475422,1,12.584192,243,24,12.475079,30.4,0.0035912411823628507,0.0035912411823628507,0.20
[-0.2370219180359482]
3880,1,16.586260,1,12.658243,243,23,12.492993,46.0,0.0035912411823628507,0.0035912411823628507,0.18
[-0.15083212965923976]
3900,1,18.394936,1,14.614801,243,30,14.474043,39.2,0.0035912411823628507,0.0035912411823628507,0.19
[-0.5315036949897018]
3920,1,17.824036,1,15.827250,243,15,15.748130,22.0,0.0035912411823628507,0.0035912411823628507,0.18
[-0.7972555424845529]
3940,1,17.481628,1,13.025227,243,27,12.909716,32.2,0.0035912411823628507,0.0035912411823628507,0.20
[0.790073060119827]
3960,1,17.592096,1,15.737421,243,24,15.645296,25.7,0.0035912411823628507,0.0035912411823628507,0.20
[0.2801168122243022]
3980,1,21.944246,1,17.588524,243,23,17.471405,32.6,0.0035912411823628507,0.0035912411823628507,0.18
[0.3160292240479309]
4000,1,6.227091,1,5.419274,243,19,5.302966,32.4,0.0035912411823628507,0.0035912411823628507,0.17
[-0.15083212965923976]
4020,1,15.589530,1,13.504388,243,18,13.394290,30.7,0.0035912411823628507,0.0035912411823628507,0.20
[0.15083212965923976]
4040,1,16.311794,1,13.947304,243,26,13.867481,22.2,0.0035912411823628507,0.0035912411823628507,0.19
[0.45967887134244456]
4060,1,10.796819,1,8.106571,243,28,8.023692,23.1,0.0035912411823628507,0.0035912411823628507,0.17
[-0.7469781659314729]
4080,1,19.809416,1,17.581545,243,24,17.479231,28.5,0.0035912411823628507,0.0035912411823628507,0.20
[0.8690803661318097]
4100,1,14.766312,1,12.466061,243,33,12.321506,40.3,0.0035912411823628507,0.0035912411823628507,0.19
[-0.86908036613181]
4120,1,17.645319,1,14.355539,243,26,14.251925,28.9,0.0035912411823628507,0.0035912411823628507,0.17
[-0.5099562478955249]
4140,1,7.416099,1,6.142589,243,30,6.020404,34.0,0.0035912411823628507,0.0035912411823628507,0.17
[-0.4668613537071706]
4160,1,10.762730,1,9.127594,243,5,9.058460,19.3,0.0035912411823628507,0.0035912411823628507,0.18
[0.3878540476951876]
4180,1,14.566858,1,12.020973,243,25,11.909723,31.0,0.0035912411823628507,0.0035912411823628507,0.19
[-0.86908036613181]
4200,1,17.050791,1,15.704252,243,20,15.593965,30.7,0.0035912411823628507,0.0035912411823628507,0.20
[0.06464234128253121]
4220,1,20.707100,1,16.670774,243,19,16.548643,34.0,0.0035912411823628507,0.0035912411823628507,0.19
[-0.3447591535068337]
4240,1,17.356184,1,15.664604,243,44,15.592445,20.1,0.0035912411823628507,0.0035912411823628507,0.16
[-0.25138688276539956]
4260,1,10.758514,1,8.236578,243,24,8.148187,24.6,0.0035912411823628507,0.0035912411823628507,0.19
[-0.2370219180359482]
4280,1,8.989075,1,7.626523,243,33,7.561607,18.1,0.0035912411823628507,0.0035912411823628507,0.18
[0.2944817769537539]
4300,1,11.603647,1,9.216415,243,29,9.111012,29.4,0.0035912411823628507,0.0035912411823628507,0.19
[0.8547154014023582]
4320,1,21.430279,1,19.097317,243,28,19.005668,25.5,0.0035912411823628507,0.0035912411823628507,0.19
[0.8259854719434557]
4340,1,15.219870,1,13.390291,243,21,13.302845,24.3,0.0035912411823628507,0.0035912411823628507,0.19
[0.17237957675341697]
4360,1,3.201994,0,-0.476152,243,27,-0.594033,32.8,0.0035912411823628507,0.0035912411823628507,0.18
[0.8547154014023582]
4380,1,8.191944,1,5.633085,243,27,5.519175,31.7,0.0035912411823628507,0.0035912411823628507,0.18
[0.5530511420838792]
4400,1,12.445458,1,3.993017,243,24,3.847894,40.4,0.0035912411823628507,0.0035912411823628507,0.19
[0.8690803661318097]
4420,1,9.949224,1,9.949414,243,0,9.822038,35.5,0.0035912411823628507,0.0035912411823628507,0.18
[0.0]
4440,1,15.340140,1,13.046957,243,26,12.937177,30.6,0.0035912411823628507,0.0035912411823628507,0.19
[0.8690803661318097]
4460,1,6.830051,1,5.349142,243,30,5.265711,23.2,0.0035912411823628507,0.0035912411823628507,0.17
[0.30884674168320514]
4480,1,11.166351,1,10.134291,243,23,10.031059,28.7,0.0035912411823628507,0.0035912411823628507,0.19
[0.25138688276539967]
4500,1,6.119474,1,2.322659,243,8,2.205495,32.6,0.0035912411823628507,0.0035912411823628507,0.17
[0.6464234128253129]
4520,1,18.481308,1,16.070810,243,39,15.969138,28.3,0.0035912411823628507,0.0035912411823628507,0.19
[0.746978165931473]
4540,1,11.899434,1,9.341448,243,29,9.203976,38.3,0.0035912411823628507,0.0035912411823628507,0.17
[0.8116205072140042]
4560,1,13.580288,1,12.077197,243,25,11.979936,27.1,0.0035912411823628507,0.0035912411823628507,0.17
[-0.11491971783561117]
4580,1,18.669975,1,17.755060,243,22,17.643339,31.1,0.0035912411823628507,0.0035912411823628507,0.17
[0.07182482364725684]
4600,1,23.414608,1,21.905161,243,16,21.785427,33.3,0.0035912411823628507,0.0035912411823628507,0.18
[-0.10773723547088554]
4620,1,4.267024,1,1.900566,243,26,1.784309,32.4,0.0035912411823628507,0.0035912411823628507,0.19
[-0.8547154014023585]
4640,1,14.105644,1,11.960714,243,17,11.878963,22.8,0.0035912411823628507,0.0035912411823628507,0.17
[-0.7972555424845529]
4660,1,12.744944,1,9.999245,243,27,9.871083,35.7,0.0035912411823628507,0.0035912411823628507,0.19
[0.5961460362722332]
4680,1,10.136930,1,10.013228,243,46,9.921133,25.6,0.0035912411823628507,0.0035912411823628507,0.17
[-0.10055475310615991]
4700,1,11.460071,1,10.334044,243,21,10.275811,16.2,0.0035912411823628507,0.0035912411823628507,0.18
[-0.11491971783561117]
4720,1,13.581788,1,12.144624,243,23,12.074840,19.4,0.0035912411823628507,0.0035912411823628507,0.18
[0.14364964729451424]
4740,1,1.290898,1,0.322763,243,42,0.207423,32.1,0.0035912411823628507,0.0035912411823628507,0.21
[-0.6607883775547646]
4760,1,16.154562,1,13.243376,243,28,13.087443,43.4,0.0035912411823628507,0.0035912411823628507,0.19
[0.8690803661318097]
4780,1,18.718985,1,17.140661,243,25,17.037925,28.6,0.0035912411823628507,0.0035912411823628507,0.20
[0.10055475310616013]
4800,1,17.004654,1,13.586635,243,9,13.500779,23.9,0.0035912411823628507,0.0035912411823628507,0.17
[-0.8403504366729071]
4820,1,20.714163,1,17.435354,243,12,17.288692,40.8,0.0035912411823628507,0.0035912411823628507,0.19
[0.840350436672907]
4840,1,11.503124,1,8.588441,243,30,8.511992,21.3,0.0035912411823628507,0.0035912411823628507,0.19
[-0.8547154014023585]
4860,1,1.594927,1,0.594393,243,11,0.411479,50.9,0.0035912411823628507,0.0035912411823628507,0.19
[0.043094894188354216]
4880,1,11.878624,1,8.811489,243,28,8.748780,17.5,0.0035912411823628507,0.0035912411823628507,0.18
[0.7182482364725703]
4900,1,10.580496,1,9.121289,243,28,9.027188,26.2,0.0035912411823628507,0.0035912411823628507,0.21
[0.8690803661318097]
4920,1,27.629015,1,21.471163,243,29,21.278514,53.6,0.0035912411823628507,0.0035912411823628507,0.18
[-0.5889635539075075]
4940,1,24.412148,1,19.177132,243,31,19.016886,44.6,0.0035912411823628507,0.0035912411823628507,0.19
[-0.48122631843662206]
4960,1,11.468809,1,9.823067,243,31,9.723710,27.7,0.0035912411823628507,0.0035912411823628507,0.18
[-0.45967887134244495]
4980,1,16.827587,1,13.205683,243,18,13.126738,22.0,0.0035912411823628507,0.0035912411823628507,0.19
[0.6679708599194899]
5000,1,18.047831,1,14.840914,243,26,14.702637,38.5,0.0035912411823628507,0.0035912411823628507,0.18
[0.33039418877738214]
5020,1,18.868324,1,15.633539,243,18,15.563531,19.5,0.0035912411823628507,0.0035912411823628507,0.19
[0.4094014947893646]
5040,1,9.431052,1,8.069661,243,17,8.018810,14.2,0.0035912411823628507,0.0035912411823628507,0.20
[0.6248759657311359]
5060,1,16.130085,1,13.409576,243,27,13.255421,42.9,0.0035912411823628507,0.0035912411823628507,0.17
[0.509956247895525]
5080,1,15.837380,1,12.747225,243,28,12.614499,37.0,0.0035912411823628507,0.0035912411823628507,0.18
[0.39503653005991335]
5100,1,12.595524,1,9.761809,243,12,9.660134,28.3,0.0035912411823628507,0.0035912411823628507,0.18
[0.840350436672907]
5120,1,21.320250,1,14.553543,243,30,14.345755,57.9,0.0035912411823628507,0.0035912411823628507,0.19
[-0.8547154014023585]
5140,1,13.490544,1,12.010183,243,40,11.908737,28.2,0.0035912411823628507,0.0035912411823628507,0.16
[0.2872992945890279]
5160,1,18.071440,1,14.557932,243,27,14.424646,37.1,0.0035912411823628507,0.0035912411823628507,0.18
[-0.4165839771540907]
5180,1,11.106408,1,9.141779,243,23,9.068120,20.5,0.0035912411823628507,0.0035912411823628507,0.20
[-0.86908036613181]
5200,1,8.745996,1,7.547853,243,31,7.454660,26.0,0.0035912411823628507,0.0035912411823628507,0.18
[-0.5027737655307991]
5220,1,13.514646,1,12.264379,243,24,12.197732,18.6,0.0035912411823628507,0.0035912411823628507,0.19
[0.17956205911814271]
5240,1,11.937416,1,8.159428,243,25,8.069286,25.1,0.0035912411823628507,0.0035912411823628507,0.20
[-0.86908036613181]
5260,1,13.190586,1,9.554628,243,17,9.424822,36.1,0.0035912411823628507,0.0035912411823628507,0.19
[0.4955912831660735]
5280,1,18.432253,1,17.172043,243,36,17.074448,27.2,0.0035912411823628507,0.0035912411823628507,0.19
[-0.0790073060119828]
5300,1,20.118786,1,17.069870,243,28,16.899502,47.4,0.0035912411823628507,0.0035912411823628507,0.19
[-0.4668613537071706]
5320,1,19.544825,1,18.161348,243,24,18.098193,17.6,0.0035912411823628507,0.0035912411823628507,0.19
[-0.8331679543081814]
5340,1,27.303566,1,23.814806,243,28,23.669337,40.5,0.0035912411823628507,0.0035912411823628507,0.19
[-0.337576671142108]
5360,1,15.084620,1,12.155177,243,25,12.034061,33.7,0.0035912411823628507,0.0035912411823628507,0.20
[0.8331679543081812]
5380,1,14.290359,1,12.523134,243,17,12.418870,29.0,0.0035912411823628507,0.0035912411823628507,0.20
[-0.5386861773544276]
5400,1,17.791655,1,16.280994,243,32,16.186196,26.4,0.0035912411823628507,0.0035912411823628507,0.18
[0.1580146120239655]
5420,1,10.901291,1,9.748274,243,30,9.649045,27.6,0.0035912411823628507,0.0035912411823628507,0.17
[-0.057459858917805695]
5440,1,12.013792,1,10.967284,243,48,10.862436,29.2,0.0035912411823628507,0.0035912411823628507,0.19
[-0.0790073060119828]
5460,1,17.499239,1,16.106712,243,18,16.013297,26.0,0.0035912411823628507,0.0035912411823628507,0.19
[-0.44531390661299347]
5480,1,18.082367,1,14.450167,243,24,14.351877,27.4,0.0035912411823628507,0.0035912411823628507,0.19
[-0.6607883775547646]
5500,1,19.539171,1,16.948898,243,31,16.778146,47.5,0.0035912411823628507,0.0035912411823628507,0.18
[-0.08618978837670843]
5520,1,20.586514,1,17.497519,243,25,17.395429,28.4,0.0035912411823628507,0.0035912411823628507,0.18
[0.76852561302565]
5540,1,13.473518,1,11.865740,243,29,11.812098,14.9,0.0035912411823628507,0.0035912411823628507,0.18
[-0.86908036613181]
5560,1,11.134501,1,10.276361,243,23,10.231966,12.4,0.0035912411823628507,0.0035912411823628507,0.18
[-0.2657518474948509]
5580,1,12.536597,1,11.952284,243,16,11.895316,15.9,0.0035912411823628507,0.0035912411823628507,0.18
[0.15083212965923976]
5600,1,7.448559,1,6.417001,243,27,6.356293,16.9,0.0035912411823628507,0.0035912411823628507,0.17
[-0.1795620591181425]
5620,1,9.671786,1,8.408730,243,20,8.342919,18.3,0.0035912411823628507,0.0035912411823628507,0.20
[0.8690803661318097]
5640,1,13.417339,1,10.573056,243,32,10.491749,22.6,0.0035912411823628507,0.0035912411823628507,0.18
[0.8044380248492785]
5660,1,13.121189,1,9.230086,243,30,9.164980,18.1,0.0035912411823628507,0.0035912411823628507,0.17
[0.6105110010016844]
5680,1,13.038001,1,11.379995,243,3,11.281984,27.3,0.0035912411823628507,0.0035912411823628507,0.18
[-0.19392702384759397]
5700,1,13.649925,1,12.881722,243,8,12.756221,34.9,0.0035912411823628507,0.0035912411823628507,0.18
[-0.12928468256506265]
5720,1,8.919193,1,6.381949,243,22,6.264743,32.6,0.0035912411823628507,0.0035912411823628507,0.21
[0.8690803661318097]
5740,1,19.002560,1,15.528023,243,18,15.350564,49.4,0.0035912411823628507,0.0035912411823628507,0.17
[-0.5602336244486048]
5760,1,20.033911,1,18.051176,243,16,17.957479,26.1,0.0035912411823628507,0.0035912411823628507,0.19
[-0.2370219180359482]
5780,1,20.275772,1,18.864376,243,18,18.784779,22.2,0.0035912411823628507,0.0035912411823628507,0.17
[-0.36630660060101083]
5800,1,12.462302,1,10.380899,243,22,10.305573,21.0,0.0035912411823628507,0.0035912411823628507,0.17
[0.2657518474948509]
5820,1,20.433178,1,16.109470,243,35,15.959217,41.8,0.0035912411823628507,0.0035912411823628507,0.18
[-0.86908036613181]
5840,1,23.059944,1,17.295610,243,1,17.167041,35.8,0.0035912411823628507,0.0035912411823628507,0.19
[-0.5817810715427818]
5860,1,18.383835,1,17.521938,243,28,17.377548,40.2,0.0035912411823628507,0.0035912411823628507,0.16
[-0.0790073060119828]
5880,1,19.206993,1,16.964968,243,28,16.879285,23.9,0.0035912411823628507,0.0035912411823628507,0.19
[0.8690803661318097]
5900,1,17.467110,1,14.855949,243,26,14.683485,48.0,0.0035912411823628507,0.0035912411823628507,0.18
[-0.18674454148286823]
5920,1,15.304005,1,12.116959,243,32,12.037219,22.2,0.0035912411823628507,0.0035912411823628507,0.18
[0.6320584480958616]
5940,1,10.421234,1,9.968989,243,26,9.889993,22.0,0.0035912411823628507,0.0035912411823628507,0.18
[-0.5315036949897018]
5960,1,7.725220,1,6.262123,243,17,6.210927,14.3,0.0035912411823628507,0.0035912411823628507,0.18
[-0.409401494789365]
5980,1,15.054336,1,13.861891,243,28,13.804413,16.0,0.0035912411823628507,0.0035912411823628507,0.18
[0.8690803661318097]
6000,1,11.766983,1,9.894969,243,30,9.810803,23.4,0.0035912411823628507,0.0035912411823628507,0.18
[0.2226569533064967]
6020,1,6.921355,1,4.226053,243,18,4.109771,32.4,0.0035912411823628507,0.0035912411823628507,0.19
[-0.5602336244486048]
6040,1,15.542364,1,13.272320,243,29,13.205656,18.6,0.0035912411823628507,0.0035912411823628507,0.19
[-0.5027737655307991]
6060,1,17.946014,1,14.164323,243,25,14.060070,29.0,0.0035912411823628507,0.0035912411823628507,0.19
[0.6176934833664104]
6080,1,11.533715,1,9.838512,243,17,9.764025,20.7,0.0035912411823628507,0.0035912411823628507,0.18
[0.3016642593184794]
6100,1,14.133522,1,11.623699,243,34,11.504940,33.1,0.0035912411823628507,0.0035912411823628507,0.20
[-0.4884088008013477]
6120,1,12.205257,1,8.509497,243,11,8.421206,24.6,0.0035912411823628507,0.0035912411823628507,0.20
[-0.8403504366729071]
6140,1,21.493181,1,17.232220,243,32,17.113810,33.0,0.0035912411823628507,0.0035912411823628507,0.17
[0.6967007893783933]
6160,1,19.891939,1,16.876354,243,31,16.779997,26.8,0.0035912411823628507,0.0035912411823628507,0.17
[-0.30884674168320514]
6180,1,22.859459,1,20.362350,243,42,20.271822,25.2,0.0035912411823628507,0.0035912411823628507,0.20
[-0.6823358246489417]
6200,1,15.001772,1,12.423801,243,23,12.310140,31.6,0.0035912411823628507,0.0035912411823628507,0.20
[0.16519709438869146]
6220,1,17.587816,1,15.101469,243,10,15.008108,26.0,0.0035912411823628507,0.0035912411823628507,0.19
[0.840350436672907]
6240,1,20.967379,1,19.255409,243,37,19.128584,35.3,0.0035912411823628507,0.0035912411823628507,0.20
[-0.08618978837670843]
6260,1,20.756496,1,18.798180,243,18,18.655386,39.8,0.0035912411823628507,0.0035912411823628507,0.17
[-0.17237957675341686]
6280,1,19.947182,1,18.293594,243,15,18.183313,30.7,0.0035912411823628507,0.0035912411823628507,0.19
[0.17237957675341697]
6300,1,17.997568,1,15.049878,243,23,14.927779,34.0,0.0035912411823628507,0.0035912411823628507,0.19
[-0.86908036613181]
6320,1,19.722139,1,17.431374,243,27,17.332640,27.5,0.0035912411823628507,0.0035912411823628507,0.21
[-0.1795620591181425]
6340,1,29.065163,1,23.710110,243,30,23.530212,50.1,0.0035912411823628507,0.0035912411823628507,0.18
[-0.5961460362722333]
6360,1,17.044331,1,14.827852,243,35,14.731212,26.9,0.0035912411823628507,0.0035912411823628507,0.20
[-0.15801461202396538]
6380,1,10.244361,1,8.050379,243,24,7.966745,23.3,0.0035912411823628507,0.0035912411823628507,0.19
[0.8690803661318097]
6400,1,10.455595,1,6.977322,243,5,6.826873,41.9,0.0035912411823628507,0.0035912411823628507,0.18
[0.3878540476951876]
6420,1,11.775491,1,9.878141,243,23,9.812761,18.2,0.0035912411823628507,0.0035912411823628507,0.19
[-0.5889635539075075]
6440,1,20.823542,1,19.263376,243,24,19.118475,40.3,0.0035912411823628507,0.0035912411823628507,0.19
[-0.10055475310615991]
6460,1,6.616315,1,5.769608,243,21,5.538612,64.3,0.0035912411823628507,0.0035912411823628507,0.17
[0.10773723547088587]
6480,1,8.171584,1,6.985240,243,23,6.818242,46.5,0.0035912411823628507,0.0035912411823628507,0.18
[-0.050277376553079844]
6500,1,17.522530,1,13.826413,243,17,13.692472,37.3,0.0035912411823628507,0.0035912411823628507,0.19
[-0.5386861773544276]
6520,1,17.200554,1,13.188273,243,30,13.085649,28.6,0.0035912411823628507,0.0035912411823628507,0.19
[0.48122631843662156]
6540,1,16.271606,1,13.661372,243,27,13.577321,23.4,0.0035912411823628507,0.0035912411823628507,0.19
[-0.7397956835667473]
example 6560 is misclassified, pass
6580,1,15.317641,1,13.597545,243,13,13.476411,33.7,0.0035912411823628507,0.0035912411823628507,0.18
[0.12928468256506276]
6600,1,8.090453,1,6.642568,243,26,6.535421,29.8,0.0035912411823628507,0.0035912411823628507,0.17
[0.2657518474948509]
6620,1,15.075339,1,11.844560,243,4,11.732925,31.1,0.0035912411823628507,0.0035912411823628507,0.18
[-0.3878540476951879]
6640,1,14.348074,1,11.870075,243,30,11.816650,14.9,0.0035912411823628507,0.0035912411823628507,0.17
[0.6320584480958616]
6660,1,16.995857,1,13.868068,243,19,13.762206,29.5,0.0035912411823628507,0.0035912411823628507,0.19
[0.81880298957873]
6680,1,15.776313,1,14.758259,243,21,14.647521,30.8,0.0035912411823628507,0.0035912411823628507,0.19
[-0.33039418877738225]
6700,1,5.301596,1,5.302068,243,0,5.121758,50.2,0.0035912411823628507,0.0035912411823628507,0.19
[0.0]
6720,1,17.106564,1,15.903185,243,25,15.811949,25.4,0.0035912411823628507,0.0035912411823628507,0.18
[-0.15801461202396538]
6740,1,10.972708,1,7.135019,243,28,7.042618,25.7,0.0035912411823628507,0.0035912411823628507,0.19
[0.5458686597191532]
6760,1,17.159302,1,15.398376,243,25,15.315391,23.1,0.0035912411823628507,0.0035912411823628507,0.18
[-0.1795620591181425]
6780,1,14.125852,1,11.554621,243,34,11.431460,34.3,0.0035912411823628507,0.0035912411823628507,0.19
[0.8690803661318097]
6800,1,19.190578,1,17.591887,243,26,17.478222,31.7,0.0035912411823628507,0.0035912411823628507,0.18
[-0.20829198857704534]
6820,1,19.957445,1,17.992352,243,23,17.865159,35.4,0.0035912411823628507,0.0035912411823628507,0.17
[-0.2657518474948509]
6840,1,21.199087,1,17.533655,243,18,17.404207,36.0,0.0035912411823628507,0.0035912411823628507,0.18
[-0.5602336244486048]
6860,1,18.561573,1,16.398367,243,30,16.317925,22.4,0.0035912411823628507,0.0035912411823628507,0.17
[-0.3160292240479309]
6880,1,16.185280,1,13.807537,243,29,13.697500,30.6,0.0035912411823628507,0.0035912411823628507,0.17
[0.3591241182362851]
6900,1,9.897756,1,8.462809,243,25,8.390007,20.3,0.0035912411823628507,0.0035912411823628507,0.19
[0.12210220020033713]
6920,1,24.502048,1,21.357824,243,8,21.188618,47.1,0.0035912411823628507,0.0035912411823628507,0.18
[0.19392702384759397]
6940,1,15.232454,1,14.465155,243,16,14.370177,26.4,0.0035912411823628507,0.0035912411823628507,0.17
[0.08618978837670821]
6960,1,15.502983,1,12.240044,243,25,12.168200,20.0,0.0035912411823628507,0.0035912411823628507,0.19
[-0.86908036613181]
6980,1,10.219703,1,9.452505,243,42,9.397936,15.2,0.0035912411823628507,0.0035912411823628507,0.19
[0.07182482364725684]
7000,1,19.304409,1,17.701399,243,31,17.620196,22.6,0.0035912411823628507,0.0035912411823628507,0.17
[-0.11491971783561117]
7020,1,7.340340,1,6.766179,243,18,6.716226,13.9,0.0035912411823628507,0.0035912411823628507,0.18
[-0.17237957675341686]
7040,1,18.353729,1,16.393686,243,24,16.258768,37.6,0.0035912411823628507,0.0035912411823628507,0.18
[-0.14364964729451402]
7060,1,17.889750,1,14.372643,243,17,14.221891,42.0,0.0035912411823628507,0.0035912411823628507,0.21
[-0.3447591535068337]
7080,1,20.820597,1,18.218206,243,27,18.082036,37.9,0.0035912411823628507,0.0035912411823628507,0.17
[0.3375766711421079]
7100,1,13.745587,1,12.982538,243,31,12.869648,31.4,0.0035912411823628507,0.0035912411823628507,0.18
[0.4022190124246391]
7120,1,25.823235,1,20.619358,243,24,20.398957,61.4,0.0035912411823628507,0.0035912411823628507,0.19
[0.8690803661318097]
7140,1,21.731678,1,18.143524,243,33,18.026523,32.6,0.0035912411823628507,0.0035912411823628507,0.18
[-0.2011095062123196]
7160,1,17.775234,1,16.059284,243,31,15.949536,30.6,0.0035912411823628507,0.0035912411823628507,0.17
[0.10055475310616013]
7180,1,14.325351,1,12.217551,243,35,12.125302,25.7,0.0035912411823628507,0.0035912411823628507,0.19
[-0.8044380248492786]
7200,1,8.189195,1,6.160621,243,10,6.019099,39.4,0.0035912411823628507,0.0035912411823628507,0.16
[-0.3232117064126566]
7220,1,15.912824,1,11.853216,243,26,11.668597,51.4,0.0035912411823628507,0.0035912411823628507,0.18
[-0.14364964729451402]
7240,1,9.941284,1,8.058328,243,24,7.903986,43.0,0.0035912411823628507,0.0035912411823628507,0.18
[-0.14364964729451402]
7260,1,12.864802,1,10.752308,243,36,10.670946,22.7,0.0035912411823628507,0.0035912411823628507,0.17
[-0.14364964729451402]
7280,1,19.490931,1,17.005362,243,37,16.882253,34.3,0.0035912411823628507,0.0035912411823628507,0.17
[-0.6967007893783931]
7300,1,12.311711,1,10.992243,243,30,10.937431,15.3,0.0035912411823628507,0.0035912411823628507,0.17
[-0.8547154014023585]
7320,1,12.150856,1,11.472947,243,19,11.420064,14.7,0.0035912411823628507,0.0035912411823628507,0.16
[-0.2801168122243024]
7340,1,20.830790,1,18.132357,243,18,18.004035,35.7,0.0035912411823628507,0.0035912411823628507,0.17
[0.5386861773544275]
7360,1,17.108664,1,14.674608,243,27,14.558417,32.4,0.0035912411823628507,0.0035912411823628507,0.17
[0.4022190124246391]
7380,1,12.956173,1,10.307328,243,24,10.238635,19.1,0.0035912411823628507,0.0035912411823628507,0.17
[-0.44531390661299347]
7400,1,10.172327,1,4.243751,243,9,3.971699,75.8,0.0035912411823628507,0.0035912411823628507,0.18
[0.5171387302602505]
7420,1,13.751123,1,12.365493,243,20,12.211255,42.9,0.0035912411823628507,0.0035912411823628507,0.19
[-0.6392409304605875]
7440,1,17.957151,1,15.989256,243,29,15.898867,25.2,0.0035912411823628507,0.0035912411823628507,0.18
[0.4955912831660735]
7460,1,11.913546,1,10.696892,243,34,10.578991,32.8,0.0035912411823628507,0.0035912411823628507,0.18
[-0.20829198857704534]
7480,1,21.044649,1,19.031078,243,39,18.904078,35.4,0.0035912411823628507,0.0035912411823628507,0.18
[-0.7326132012020216]
7500,1,17.097557,1,14.786382,243,43,14.653974,36.9,0.0035912411823628507,0.0035912411823628507,0.18
[0.22983943567122267]
7520,1,14.329249,1,10.909666,243,28,10.806444,28.7,0.0035912411823628507,0.0035912411823628507,0.18
[-0.6823358246489417]
7540,1,15.145428,1,13.750107,243,30,13.635646,31.9,0.0035912411823628507,0.0035912411823628507,0.18
[0.17956205911814271]
7560,1,11.788980,1,11.468195,243,25,11.273621,54.2,0.0035912411823628507,0.0035912411823628507,0.18
[0.03591241182362859]
7580,1,9.412989,1,6.686337,243,24,6.570556,32.2,0.0035912411823628507,0.0035912411823628507,0.19
[0.15083212965923976]
7600,1,18.768595,1,16.487869,243,4,16.390206,27.2,0.0035912411823628507,0.0035912411823628507,0.18
[0.19392702384759397]
7620,1,12.507318,1,10.801948,243,28,10.708178,26.1,0.0035912411823628507,0.0035912411823628507,0.18
[0.37348908296573635]
7640,1,10.499499,1,9.326557,243,8,9.255839,19.7,0.0035912411823628507,0.0035912411823628507,0.17
[-0.12928468256506265]
7660,1,21.739634,1,19.540880,243,34,19.407549,37.1,0.0035912411823628507,0.0035912411823628507,0.16
[-0.3591241182362851]
7680,1,10.876463,1,9.669415,243,38,9.614805,15.2,0.0035912411823628507,0.0035912411823628507,0.20
[-0.22983943567122245]
7700,1,11.440880,1,9.832077,243,26,9.755622,21.3,0.0035912411823628507,0.0035912411823628507,0.18
[0.45967887134244456]
7720,1,16.750637,1,14.181965,243,53,14.035722,40.7,0.0035912411823628507,0.0035912411823628507,0.18
[-0.09337227074143406]
7740,1,23.467772,1,21.399601,243,3,21.316387,23.2,0.0035912411823628507,0.0035912411823628507,0.18
[-0.19392702384759397]
7760,1,12.433949,1,10.409410,243,23,10.347320,17.3,0.0035912411823628507,0.0035912411823628507,0.19
[-0.86908036613181]
7780,1,18.930721,1,15.445819,243,27,15.361684,23.4,0.0035912411823628507,0.0035912411823628507,0.19
[0.3806715653304621]
7800,1,21.887493,1,10.273161,243,26,10.087533,51.7,0.0035912411823628507,0.0035912411823628507,0.19
[0.8044380248492785]
7820,1,17.271126,1,14.729707,243,36,14.656268,20.4,0.0035912411823628507,0.0035912411823628507,0.16
[0.7182482364725703]
7840,1,9.731256,1,7.447250,243,21,7.233416,59.5,0.0035912411823628507,0.0035912411823628507,0.18
[0.8331679543081812]
7860,1,8.732334,1,7.715249,243,15,7.633404,22.8,0.0035912411823628507,0.0035912411823628507,0.19
[0.10773723547088587]
7880,1,14.642972,1,13.676067,243,13,13.613808,17.3,0.0035912411823628507,0.0035912411823628507,0.19
[-0.08618978837670843]
7900,1,12.292200,1,10.420959,243,47,10.329956,25.3,0.0035912411823628507,0.0035912411823628507,0.19
[0.6176934833664104]
7920,1,11.978264,1,10.868320,243,35,10.753522,32.0,0.0035912411823628507,0.0035912411823628507,0.19
[-0.6464234128253131]
7940,1,13.971320,1,9.529521,243,28,9.457426,20.1,0.0035912411823628507,0.0035912411823628507,0.19
[-0.7900730601198271]
7960,1,16.083097,1,13.082152,243,26,12.986255,26.7,0.0035912411823628507,0.0035912411823628507,0.19
[-0.337576671142108]
7980,1,18.859331,1,16.312069,243,25,16.220344,25.5,0.0035912411823628507,0.0035912411823628507,0.17
[-0.39503653005991357]
8000,1,11.204265,1,5.104208,243,29,4.889289,59.8,0.0035912411823628507,0.0035912411823628507,0.19
[-0.86908036613181]
8020,1,9.507133,1,6.440300,243,22,6.256947,51.1,0.0035912411823628507,0.0035912411823628507,0.20
[0.8690803661318097]
8040,1,15.210989,1,12.085337,243,29,12.011253,20.6,0.0035912411823628507,0.0035912411823628507,0.19
[0.8116205072140042]
8060,1,19.953001,1,16.365980,243,4,16.242393,34.4,0.0035912411823628507,0.0035912411823628507,0.19
[0.19392702384759397]
8080,1,19.819332,1,17.389864,243,27,17.268663,33.7,0.0035912411823628507,0.0035912411823628507,0.17
[-0.11491971783561117]
8100,1,19.506489,1,14.960926,243,29,14.838270,34.2,0.0035912411823628507,0.0035912411823628507,0.18
[-0.5674161068133304]
8120,1,20.429197,1,18.382517,243,31,18.278071,29.1,0.0035912411823628507,0.0035912411823628507,0.18
[-0.30884674168320514]
8140,1,20.480495,1,19.447065,243,24,19.344658,28.5,0.0035912411823628507,0.0035912411823628507,0.19
[0.050277376553079844]
8160,1,7.326376,1,5.165090,243,26,5.021690,39.9,0.0035912411823628507,0.0035912411823628507,0.19
[0.8690803661318097]
8180,1,12.748550,1,10.256138,243,24,10.136342,33.4,0.0035912411823628507,0.0035912411823628507,0.19
[0.6536058951900386]
8200,1,10.736388,1,7.774690,243,27,7.687057,24.4,0.0035912411823628507,0.0035912411823628507,0.19
[-0.86908036613181]
8220,1,22.883129,1,19.584581,243,29,19.415661,47.0,0.0035912411823628507,0.0035912411823628507,0.19
[0.16519709438869146]
8240,1,12.091229,1,10.300095,243,20,10.223191,21.4,0.0035912411823628507,0.0035912411823628507,0.17
[0.7326132012020216]
8260,1,14.516951,1,11.853076,243,26,11.780819,20.1,0.0035912411823628507,0.0035912411823628507,0.19
[0.5243212126249762]
8280,1,15.045245,1,10.159720,243,16,10.016673,39.8,0.0035912411823628507,0.0035912411823628507,0.19
[0.2585693651301252]
8300,1,20.567587,1,18.240303,243,16,18.119039,33.8,0.0035912411823628507,0.0035912411823628507,0.19
[-0.36630660060101083]
8320,1,18.342365,1,15.903037,243,24,15.735526,46.6,0.0035912411823628507,0.0035912411823628507,0.19
[0.8690803661318097]
8340,1,17.984352,1,17.374086,243,14,17.268291,29.5,0.0035912411823628507,0.0035912411823628507,0.18
[0.08618978837670821]
8360,1,16.254580,1,14.282001,243,7,14.183266,27.5,0.0035912411823628507,0.0035912411823628507,0.17
[-0.2585693651301253]
8380,1,15.801327,1,13.954475,243,24,13.844975,30.5,0.0035912411823628507,0.0035912411823628507,0.18
[-0.12210220020033691]
8400,1,11.011810,1,10.662420,243,31,10.567300,26.5,0.0035912411823628507,0.0035912411823628507,0.17
[-0.13646716492978828]
8420,1,20.929052,1,18.510853,243,35,18.393049,32.8,0.0035912411823628507,0.0035912411823628507,0.18
[-0.15801461202396538]
8440,1,23.048485,1,20.031492,243,35,19.863099,46.9,0.0035912411823628507,0.0035912411823628507,0.19
[-0.28729929458902803]
8460,1,22.361845,1,20.341316,243,26,20.207533,37.3,0.0035912411823628507,0.0035912411823628507,0.19
[-0.7469781659314729]
8480,1,20.040136,1,14.617552,243,28,14.472006,40.5,0.0035912411823628507,0.0035912411823628507,0.17
[-0.4884088008013477]
8500,1,20.126472,1,16.973091,243,33,16.843595,36.1,0.0035912411823628507,0.0035912411823628507,0.18
[0.22983943567122267]
8520,1,5.104573,1,2.713691,243,30,2.572908,39.2,0.0035912411823628507,0.0035912411823628507,0.19
[-0.8547154014023585]
8540,1,19.429028,1,15.511681,243,26,15.431852,22.2,0.0035912411823628507,0.0035912411823628507,0.18
[-0.8547154014023585]
8560,1,26.113024,1,20.054131,243,29,19.878877,48.8,0.0035912411823628507,0.0035912411823628507,0.20
[-0.86908036613181]
8580,1,17.624310,1,13.979384,243,17,13.887429,25.6,0.0035912411823628507,0.0035912411823628507,0.18
[0.5602336244486047]
8600,1,20.142963,1,17.111561,243,29,16.973777,38.4,0.0035912411823628507,0.0035912411823628507,0.19
[-0.2657518474948509]
8620,1,12.235667,1,9.929955,243,25,9.847878,22.9,0.0035912411823628507,0.0035912411823628507,0.19
[0.4453139066129933]
8640,1,12.745480,1,10.149601,243,34,10.048125,28.3,0.0035912411823628507,0.0035912411823628507,0.18
[0.2226569533064967]
8660,1,22.301752,1,19.934948,243,32,19.836272,27.5,0.0035912411823628507,0.0035912411823628507,0.20
[-0.27293432985957666]
8680,1,15.950893,1,13.728359,243,18,13.622484,29.5,0.0035912411823628507,0.0035912411823628507,0.20
[0.3447591535068334]
8700,1,11.207946,1,9.070855,243,25,8.992491,21.8,0.0035912411823628507,0.0035912411823628507,0.18
[-0.2801168122243024]
8720,1,19.008991,1,17.619873,243,25,17.521287,27.5,0.0035912411823628507,0.0035912411823628507,0.18
[-0.8044380248492786]
8740,1,20.826958,1,18.232361,243,29,18.140835,25.5,0.0035912411823628507,0.0035912411823628507,0.19
[-0.24420440040067382]
8760,1,18.056839,1,15.835384,243,28,15.761004,20.7,0.0035912411823628507,0.0035912411823628507,0.17
[0.8690803661318097]
8780,1,28.485205,1,23.536243,243,25,23.428193,30.1,0.0035912411823628507,0.0035912411823628507,0.18
[-0.33039418877738225]
8800,1,34.816238,1,27.800093,243,27,27.613457,52.0,0.0035912411823628507,0.0035912411823628507,0.19
[-0.86908036613181]
8820,1,25.572845,1,19.553406,243,27,19.386597,46.4,0.0035912411823628507,0.0035912411823628507,0.18
[-0.86908036613181]
8840,1,22.518696,1,20.862329,243,27,20.748229,31.8,0.0035912411823628507,0.0035912411823628507,0.17
[0.10055475310616013]
8860,1,21.250061,1,20.226879,243,24,20.103067,34.5,0.0035912411823628507,0.0035912411823628507,0.17
[0.050277376553079844]
8880,1,29.301733,1,25.076300,243,15,24.928722,41.1,0.0035912411823628507,0.0035912411823628507,0.23
[-0.8618978837670842]
8900,1,10.515898,1,7.695128,243,27,7.552442,39.7,0.0035912411823628507,0.0035912411823628507,0.18
[0.4237664595188163]
8920,1,18.085659,1,14.743973,243,28,14.662724,22.6,0.0035912411823628507,0.0035912411823628507,0.17
[0.37348908296573635]
8940,1,18.939589,1,16.960859,243,24,16.875538,23.8,0.0035912411823628507,0.0035912411823628507,0.18
[0.15083212965923976]
8960,1,21.739536,1,17.708378,243,19,17.568357,39.0,0.0035912411823628507,0.0035912411823628507,0.21
[0.6895183070136676]
8980,1,13.930503,1,12.827294,243,19,12.695623,36.7,0.0035912411823628507,0.0035912411823628507,0.20
[-0.86908036613181]
9000,1,15.174259,1,12.926110,243,28,12.840106,23.9,0.0035912411823628507,0.0035912411823628507,0.17
[-0.4884088008013477]
9020,1,18.247383,1,15.791551,243,33,15.662343,36.0,0.0035912411823628507,0.0035912411823628507,0.19
[-0.28729929458902803]
9040,1,11.516294,1,7.820560,243,15,7.734819,23.9,0.0035912411823628507,0.0035912411823628507,0.17
[-0.4524963889777192]
9060,1,21.814508,1,19.334978,243,25,19.223766,31.0,0.0035912411823628507,0.0035912411823628507,0.19
[-0.4165839771540907]
9080,1,21.215982,1,19.207649,243,37,19.080029,35.5,0.0035912411823628507,0.0035912411823628507,0.18
[-0.86908036613181]
9100,1,27.567251,1,23.732729,243,35,23.594659,38.4,0.0035912411823628507,0.0035912411823628507,0.17
[-0.2657518474948509]
9120,1,21.494682,1,17.699080,243,30,17.590947,30.1,0.0035912411823628507,0.0035912411823628507,0.19
[0.6536058951900386]
9140,1,21.009501,1,17.077557,243,27,16.972769,29.2,0.0035912411823628507,0.0035912411823628507,0.17
[-0.5243212126249762]
9160,1,18.298523,1,15.833106,243,19,15.732080,28.1,0.0035912411823628507,0.0035912411823628507,0.18
[-0.4740438360718963]
9180,1,16.854359,1,15.418741,243,25,15.285761,37.0,0.0035912411823628507,0.0035912411823628507,0.18
[0.20829198857704545]
9200,1,17.520708,1,15.478655,243,28,15.392106,24.1,0.0035912411823628507,0.0035912411823628507,0.19
[0.1580146120239655]
9220,1,23.959297,1,20.932837,243,28,20.855939,21.4,0.0035912411823628507,0.0035912411823628507,0.17
[0.48122631843662156]
9240,1,13.895640,1,11.862675,243,10,11.743910,33.1,0.0035912411823628507,0.0035912411823628507,0.16
[0.840350436672907]
9260,1,18.338366,1,16.985237,243,17,16.885540,27.8,0.0035912411823628507,0.0035912411823628507,0.16
[-0.2801168122243024]
9280,1,7.707968,1,2.082648,243,17,1.913591,47.1,0.0035912411823628507,0.0035912411823628507,0.20
[-0.4740438360718963]
9300,1,19.289585,1,15.912758,243,30,15.821815,25.3,0.0035912411823628507,0.0035912411823628507,0.18
[0.6320584480958616]
9320,1,14.540588,1,11.373003,243,26,11.246786,35.1,0.0035912411823628507,0.0035912411823628507,0.19
[0.8690803661318097]
9340,1,16.895615,1,14.191098,243,27,14.087176,28.9,0.0035912411823628507,0.0035912411823628507,0.17
[0.2944817769537539]
9360,1,19.468267,1,16.952209,243,27,16.839171,31.5,0.0035912411823628507,0.0035912411823628507,0.19
[-0.45967887134244495]
9380,1,22.760754,1,19.782692,243,14,19.673616,30.4,0.0035912411823628507,0.0035912411823628507,0.17
[0.2585693651301252]
9400,1,12.883223,1,7.860837,243,23,7.601054,72.3,0.0035912411823628507,0.0035912411823628507,0.19
[0.8331679543081812]
9420,1,25.152544,1,21.732128,243,18,21.559666,48.0,0.0035912411823628507,0.0035912411823628507,0.18
[-0.4309489418835421]
9440,1,16.960039,1,14.762009,243,31,14.690196,20.0,0.0035912411823628507,0.0035912411823628507,0.18
[0.3806715653304621]
9460,1,26.839214,1,24.509529,243,27,24.395304,31.8,0.0035912411823628507,0.0035912411823628507,0.17
[-0.13646716492978828]
9480,1,19.550766,1,17.117216,243,18,17.010134,29.8,0.0035912411823628507,0.0035912411823628507,0.19
[-0.18674454148286823]
9500,1,6.505528,1,2.083377,243,7,1.918726,45.8,0.0035912411823628507,0.0035912411823628507,0.17
[-0.2585693651301253]
9520,1,18.492321,1,17.001440,243,26,16.916382,23.7,0.0035912411823628507,0.0035912411823628507,0.18
[-0.4668613537071706]
9540,1,8.238527,1,7.167421,243,19,7.064583,28.6,0.0035912411823628507,0.0035912411823628507,0.20
[0.8331679543081812]
9560,1,9.726425,1,7.958028,243,28,7.886675,19.9,0.0035912411823628507,0.0035912411823628507,0.19
[0.33039418877738214]
9580,1,9.749365,1,8.215347,243,17,8.134699,22.5,0.0035912411823628507,0.0035912411823628507,0.19
[0.2370219180359482]
9600,1,10.105440,1,9.149023,243,19,9.056762,25.7,0.0035912411823628507,0.0035912411823628507,0.17
[-0.15083212965923976]
9620,1,1.334944,1,0.225338,243,15,0.115396,30.6,0.0035912411823628507,0.0035912411823628507,0.18
[-0.8403504366729071]
9640,1,12.406576,1,11.235756,243,25,11.142937,25.8,0.0035912411823628507,0.0035912411823628507,0.19
[0.14364964729451424]
9660,1,11.320059,1,9.085588,243,26,8.994672,25.3,0.0035912411823628507,0.0035912411823628507,0.18
[0.33039418877738214]
9680,1,17.985426,1,15.859671,243,29,15.738776,33.7,0.0035912411823628507,0.0035912411823628507,0.17
[-0.37348908296573646]
9700,1,8.566655,1,5.032334,243,24,4.871458,44.8,0.0035912411823628507,0.0035912411823628507,0.20
[0.8690803661318097]
9720,1,11.028349,1,8.181648,243,33,8.087987,26.1,0.0035912411823628507,0.0035912411823628507,0.22
[-0.86908036613181]
9740,1,12.621438,1,7.436871,243,32,7.284844,42.3,0.0035912411823628507,0.0035912411823628507,0.18
[0.8690803661318097]
9760,1,18.156206,1,15.083823,243,29,14.989378,26.3,0.0035912411823628507,0.0035912411823628507,0.18
[-0.30884674168320514]
9780,1,12.936929,1,11.747584,243,8,11.621344,35.2,0.0035912411823628507,0.0035912411823628507,0.18
[0.06464234128253121]
9800,1,16.879539,1,13.870284,243,27,13.780096,25.1,0.0035912411823628507,0.0035912411823628507,0.19
[0.8116205072140042]
9820,1,15.585028,1,13.467328,243,17,13.349385,32.8,0.0035912411823628507,0.0035912411823628507,0.17
[-0.3447591535068337]
9840,1,15.132843,1,12.136290,243,40,12.000154,37.9,0.0035912411823628507,0.0035912411823628507,0.19
[0.8690803661318097]
9860,1,19.245760,1,16.915529,243,25,16.804227,31.0,0.0035912411823628507,0.0035912411823628507,0.18
[-0.11491971783561117]
9880,1,17.622032,1,15.750587,243,16,15.620487,36.2,0.0035912411823628507,0.0035912411823628507,0.19
[-0.7541606482961987]
9900,1,15.767815,1,14.241922,243,28,14.122388,33.3,0.0035912411823628507,0.0035912411823628507,0.17
[0.8475329190376327]
9920,1,20.691013,1,19.057505,243,18,18.957565,27.8,0.0035912411823628507,0.0035912411823628507,0.19
[0.3447591535068334]
9940,1,12.418234,1,7.325786,243,28,7.215305,30.8,0.0035912411823628507,0.0035912411823628507,0.19
[0.8690803661318097]
9960,1,15.349607,1,12.918518,243,27,12.754997,45.5,0.0035912411823628507,0.0035912411823628507,0.18
[-0.86908036613181]
9980,1,14.237321,1,10.130981,243,22,9.967341,45.6,0.0035912411823628507,0.0035912411823628507,0.20
[-0.8547154014023585]
