0,1,12.176976,0,9.879978,243,38,9.827291,42.7,0.0012345679012345679,0.0012345679012345679,0.15
[0.9061728395061728]
20,1,8.407043,1,6.920884,243,35,6.881337,32.0,0.0012345679012345679,0.0012345679012345679,0.16
[0.908641975308642]
40,1,9.373032,1,8.805083,243,26,8.793727,9.2,0.0012345679012345679,0.0012345679012345679,0.20
[1.2987654320987654]
60,1,15.937255,1,12.388947,243,27,12.343123,37.1,0.0012345679012345679,0.0012345679012345679,0.18
[0.7012345679012345]
80,1,10.616462,0,8.068044,243,44,8.026914,33.3,0.0012345679012345679,0.0012345679012345679,0.17
[1.2987654320987654]
100,1,18.822720,1,15.329781,243,37,15.261437,55.4,0.0012345679012345679,0.0012345679012345679,0.18
[1.0938271604938272]
120,1,14.257379,1,11.938319,243,23,11.889980,39.2,0.0012345679012345679,0.0012345679012345679,0.19
[0.8864197530864197]
140,1,12.238461,1,10.599485,243,15,10.558176,33.5,0.0012345679012345679,0.0012345679012345679,0.19
[0.9111111111111111]
160,1,10.451265,0,9.148064,243,28,9.117352,24.9,0.0012345679012345679,0.0012345679012345679,0.18
[1.269135802469136]
180,1,12.710295,1,11.374249,243,31,11.351620,18.3,0.0012345679012345679,0.0012345679012345679,0.17
[1.234567901234568]
200,1,12.414439,1,9.010002,243,18,8.956805,43.1,0.0012345679012345679,0.0012345679012345679,0.19
[0.7851851851851852]
220,1,9.449639,0,8.504036,243,16,8.478101,21.0,0.0012345679012345679,0.0012345679012345679,0.18
[1.088888888888889]
240,1,11.249562,1,10.184095,243,23,10.151450,26.4,0.0012345679012345679,0.0012345679012345679,0.21
[0.7012345679012345]
260,1,16.616537,1,14.327997,243,41,14.272795,44.7,0.0012345679012345679,0.0012345679012345679,0.17
[0.8938271604938272]
280,1,15.568456,1,13.243718,243,14,13.161797,66.4,0.0012345679012345679,0.0012345679012345679,0.19
[1.088888888888889]
300,1,11.448026,1,9.305895,243,29,9.276947,23.4,0.0012345679012345679,0.0012345679012345679,0.16
[1.2493827160493827]
320,1,3.337870,1,2.301077,243,29,2.280720,16.5,0.0012345679012345679,0.0012345679012345679,0.17
[0.7901234567901234]
example 340 is misclassified, pass
360,1,10.310753,0,8.954414,243,26,8.912828,33.7,0.0012345679012345679,0.0012345679012345679,0.19
[1.2987654320987654]
380,1,13.192116,1,8.200771,243,30,8.083575,94.9,0.0012345679012345679,0.0012345679012345679,0.19
[1.2098765432098766]
400,1,12.536527,1,10.820629,243,27,10.769724,41.2,0.0012345679012345679,0.0012345679012345679,0.17
[1.0864197530864197]
420,1,8.897223,1,7.004464,243,25,6.947639,46.0,0.0012345679012345679,0.0012345679012345679,0.19
[1.2938271604938272]
440,1,16.487497,1,14.682163,243,31,14.618788,51.3,0.0012345679012345679,0.0012345679012345679,0.19
[0.7012345679012345]
460,1,6.508118,1,4.406625,243,25,4.371637,28.3,0.0012345679012345679,0.0012345679012345679,0.19
[0.7012345679012345]
480,1,12.902021,1,10.651933,243,32,10.619249,26.5,0.0012345679012345679,0.0012345679012345679,0.16
[1.2987654320987654]
500,1,18.477674,0,16.286385,243,23,16.228917,46.5,0.0012345679012345679,0.0012345679012345679,0.19
[1.0814814814814815]
520,1,14.003310,1,11.957875,243,28,11.911646,37.4,0.0012345679012345679,0.0012345679012345679,0.19
[0.8839506172839506]
540,1,10.146411,1,9.250868,243,24,9.222647,22.9,0.0012345679012345679,0.0012345679012345679,0.18
[1.2987654320987654]
560,1,12.276216,1,9.848066,243,32,9.808297,32.2,0.0012345679012345679,0.0012345679012345679,0.18
[0.7283950617283951]
580,1,12.212907,1,10.738447,243,18,10.698562,32.3,0.0012345679012345679,0.0012345679012345679,0.20
[0.7851851851851852]
600,1,16.259640,1,13.848319,243,18,13.791999,45.6,0.0012345679012345679,0.0012345679012345679,0.17
[0.874074074074074]
620,1,14.284493,1,12.433834,243,30,12.380786,43.0,0.0012345679012345679,0.0012345679012345679,0.18
[0.9061728395061728]
640,1,11.326382,0,10.999023,243,28,10.974045,20.2,0.0012345679012345679,0.0012345679012345679,0.17
[1.2395061728395063]
660,1,14.275446,0,11.484737,243,28,11.434021,41.1,0.0012345679012345679,0.0012345679012345679,0.18
[1.128395061728395]
680,1,22.639282,1,18.816811,243,25,18.751974,52.5,0.0012345679012345679,0.0012345679012345679,0.20
[0.7012345679012345]
700,1,11.034124,0,9.320211,243,19,9.293752,21.4,0.0012345679012345679,0.0012345679012345679,0.19
[1.2370370370370372]
720,1,8.208042,0,3.180508,243,23,3.003632,143.3,0.0012345679012345679,0.0012345679012345679,0.19
[0.7012345679012345]
740,1,3.088812,0,1.968489,243,32,1.944277,19.6,0.0012345679012345679,0.0012345679012345679,0.17
[0.7728395061728395]
760,1,7.105550,1,6.055866,243,28,6.028437,22.2,0.0012345679012345679,0.0012345679012345679,0.18
[0.8987654320987655]
780,1,11.882912,0,8.651304,243,26,8.599590,41.9,0.0012345679012345679,0.0012345679012345679,0.19
[1.2987654320987654]
800,1,7.674036,0,6.324620,243,4,6.295079,23.9,0.0012345679012345679,0.0012345679012345679,0.18
[0.8666666666666667]
820,1,16.186728,1,14.905065,243,29,14.863851,33.4,0.0012345679012345679,0.0012345679012345679,0.18
[1.0938271604938272]
840,1,12.910553,1,11.589484,243,32,11.566016,19.0,0.0012345679012345679,0.0012345679012345679,0.16
[1.217283950617284]
860,1,22.210522,1,18.351000,243,27,18.281492,56.3,0.0012345679012345679,0.0012345679012345679,0.19
[1.2419753086419754]
880,1,10.384073,1,8.886997,243,24,8.853669,27.0,0.0012345679012345679,0.0012345679012345679,0.17
[0.8913580246913579]
900,1,4.206040,0,2.156293,243,26,2.124269,25.9,0.0012345679012345679,0.0012345679012345679,0.20
[1.2987654320987654]
920,1,9.874206,1,8.557985,243,30,8.539914,14.6,0.0012345679012345679,0.0012345679012345679,0.17
[1.2765432098765432]
940,1,6.769792,1,6.393787,243,26,6.357549,29.4,0.0012345679012345679,0.0012345679012345679,0.17
[1.0395061728395063]
960,1,12.540493,0,10.247067,243,30,10.211358,28.9,0.0012345679012345679,0.0012345679012345679,0.18
[1.2987654320987654]
980,1,16.488987,1,14.510963,243,7,14.437968,59.1,0.0012345679012345679,0.0012345679012345679,0.15
[0.9333333333333333]
1000,1,11.302032,1,9.834968,243,18,9.804746,24.5,0.0012345679012345679,0.0012345679012345679,0.18
[0.8518518518518519]
1020,1,12.839479,1,10.967515,243,28,10.912676,44.4,0.0012345679012345679,0.0012345679012345679,0.16
[1.2098765432098766]
1040,1,12.118840,1,10.390505,243,20,10.375753,11.9,0.0012345679012345679,0.0012345679012345679,0.19
[1.2962962962962963]
1060,1,15.481482,0,12.529988,243,20,12.485336,36.2,0.0012345679012345679,0.0012345679012345679,0.17
[0.762962962962963]
1080,1,9.400202,0,7.382927,243,32,7.351645,25.3,0.0012345679012345679,0.0012345679012345679,0.17
[0.7950617283950617]
1100,1,12.289606,0,10.414110,243,30,10.381500,26.4,0.0012345679012345679,0.0012345679012345679,0.18
[1.2987654320987654]
1120,1,11.351319,1,10.196147,243,29,10.159858,29.4,0.0012345679012345679,0.0012345679012345679,0.18
[1.182716049382716]
1140,1,11.761806,0,9.953849,243,30,9.918498,28.6,0.0012345679012345679,0.0012345679012345679,0.17
[0.8246913580246913]
1160,1,11.895868,0,9.802273,243,27,9.758026,35.8,0.0012345679012345679,0.0012345679012345679,0.16
[0.8419753086419752]
1180,1,12.862572,0,11.743313,243,32,11.716831,21.5,0.0012345679012345679,0.0012345679012345679,0.18
[1.2987654320987654]
1200,1,6.524835,1,5.075441,243,24,5.038327,30.1,0.0012345679012345679,0.0012345679012345679,0.26
[1.0962962962962963]
1220,1,12.974261,1,10.521667,243,30,10.445524,61.7,0.0012345679012345679,0.0012345679012345679,0.18
[1.0765432098765433]
1240,1,10.284515,1,9.236275,243,26,9.185592,41.1,0.0012345679012345679,0.0012345679012345679,0.18
[1.2987654320987654]
example 1260 is misclassified, pass
1280,1,11.450397,1,9.957289,243,32,9.944161,10.6,0.0012345679012345679,0.0012345679012345679,0.18
[1.2987654320987654]
1300,1,9.824066,0,8.060477,243,36,8.027464,26.7,0.0012345679012345679,0.0012345679012345679,0.19
[0.7654320987654321]
1320,1,12.544722,1,9.520295,243,31,9.483985,29.4,0.0012345679012345679,0.0012345679012345679,0.18
[1.2271604938271605]
1340,1,11.897064,1,11.097814,243,19,11.040657,46.3,0.0012345679012345679,0.0012345679012345679,0.17
[0.9481481481481482]
1360,1,11.317874,0,10.564356,243,28,10.542164,18.0,0.0012345679012345679,0.0012345679012345679,0.19
[1.2987654320987654]
1380,1,7.061645,0,6.347070,243,17,6.319975,21.9,0.0012345679012345679,0.0012345679012345679,0.18
[0.9037037037037037]
1400,1,11.864697,1,10.905649,243,30,10.876628,23.5,0.0012345679012345679,0.0012345679012345679,0.17
[0.854320987654321]
1420,1,16.795240,1,15.239313,243,20,15.196617,34.6,0.0012345679012345679,0.0012345679012345679,0.16
[0.7185185185185184]
1440,1,6.480530,1,5.192366,243,18,5.159351,26.7,0.0012345679012345679,0.0012345679012345679,0.19
[0.8962962962962963]
1460,1,14.524023,0,12.606014,243,16,12.552648,43.2,0.0012345679012345679,0.0012345679012345679,0.18
[1.088888888888889]
1480,1,16.333479,0,12.585215,243,20,12.528020,46.3,0.0012345679012345679,0.0012345679012345679,0.18
[0.762962962962963]
1500,1,2.835603,0,1.306806,243,23,1.253028,43.6,0.0012345679012345679,0.0012345679012345679,0.18
[0.7703703703703704]
1520,1,8.448851,0,7.462922,243,18,7.433573,23.8,0.0012345679012345679,0.0012345679012345679,0.18
[1.1851851851851851]
1540,1,8.663157,0,7.187621,243,29,7.154845,26.5,0.0012345679012345679,0.0012345679012345679,0.17
[1.1086419753086418]
1560,1,16.139313,1,14.725054,243,39,14.684659,32.7,0.0012345679012345679,0.0012345679012345679,0.17
[0.8790123456790123]
1580,1,12.794819,1,10.247082,243,25,10.207767,31.8,0.0012345679012345679,0.0012345679012345679,0.19
[1.1308641975308642]
1600,1,7.045359,0,6.027947,243,41,5.978238,40.3,0.0012345679012345679,0.0012345679012345679,0.18
[0.7012345679012345]
1620,1,13.343506,0,11.702623,243,32,11.661756,33.1,0.0012345679012345679,0.0012345679012345679,0.18
[0.817283950617284]
1640,1,9.739192,1,7.852968,243,11,7.803551,40.0,0.0012345679012345679,0.0012345679012345679,0.19
[0.8444444444444444]
1660,1,8.625973,1,5.881541,243,9,5.833908,38.6,0.0012345679012345679,0.0012345679012345679,0.17
[0.7777777777777778]
1680,1,11.709003,1,9.885435,243,28,9.850492,28.3,0.0012345679012345679,0.0012345679012345679,0.19
[1.106172839506173]
1700,1,15.332290,1,13.831972,243,27,13.779119,42.8,0.0012345679012345679,0.0012345679012345679,0.19
[0.9308641975308642]
1720,1,13.326984,0,11.674726,243,27,11.632240,34.4,0.0012345679012345679,0.0012345679012345679,0.17
[0.7012345679012345]
1740,1,10.927580,1,9.639721,243,48,9.599836,32.3,0.0012345679012345679,0.0012345679012345679,0.16
[1.2987654320987654]
1760,1,11.038612,1,9.428176,243,30,9.400781,22.2,0.0012345679012345679,0.0012345679012345679,0.16
[1.1580246913580245]
1780,1,13.802272,1,12.010105,243,19,11.992650,14.1,0.0012345679012345679,0.0012345679012345679,0.19
[1.2814814814814817]
1800,1,16.738121,1,14.338451,243,20,14.296975,33.6,0.0012345679012345679,0.0012345679012345679,0.18
[1.162962962962963]
1820,1,19.471910,1,16.920082,243,28,16.875635,36.0,0.0012345679012345679,0.0012345679012345679,0.18
[1.2987654320987654]
1840,1,13.469860,0,12.455566,243,29,12.393612,50.2,0.0012345679012345679,0.0012345679012345679,0.17
[1.0938271604938272]
1860,1,10.507002,1,8.751631,243,26,8.715145,29.6,0.0012345679012345679,0.0012345679012345679,0.18
[0.8098765432098766]
1880,1,6.075506,0,5.214046,243,8,5.163959,40.6,0.0012345679012345679,0.0012345679012345679,0.18
[1.088888888888889]
1900,1,11.017586,1,9.258440,243,23,9.222868,28.8,0.0012345679012345679,0.0012345679012345679,0.17
[0.7012345679012345]
1920,1,9.682446,0,7.461014,243,31,7.429769,25.3,0.0012345679012345679,0.0012345679012345679,0.17
[1.2938271604938272]
1940,1,9.863605,0,6.299529,243,23,6.249810,40.3,0.0012345679012345679,0.0012345679012345679,0.18
[1.2864197530864199]
1960,1,15.697715,1,13.604986,243,32,13.562269,34.6,0.0012345679012345679,0.0012345679012345679,0.17
[1.2839506172839505]
1980,1,12.437454,1,10.014031,243,27,9.962881,41.4,0.0012345679012345679,0.0012345679012345679,0.18
[0.7234567901234568]
2000,1,13.259790,1,10.125340,243,20,10.064447,49.3,0.0012345679012345679,0.0012345679012345679,0.17
[0.7851851851851852]
2020,1,11.242350,0,9.579976,243,27,9.524635,44.8,0.0012345679012345679,0.0012345679012345679,0.18
[1.2049382716049384]
2040,1,4.546993,0,1.983140,243,25,1.933208,40.4,0.0012345679012345679,0.0012345679012345679,0.18
[0.7086419753086419]
2060,1,14.978371,1,13.972697,243,26,13.941052,25.6,0.0012345679012345679,0.0012345679012345679,0.19
[0.7432098765432098]
2080,1,19.553020,1,16.539913,243,30,16.465209,60.5,0.0012345679012345679,0.0012345679012345679,0.16
[1.2098765432098766]
2100,1,12.875334,1,11.477397,243,26,11.434473,34.8,0.0012345679012345679,0.0012345679012345679,0.18
[1.269135802469136]
2120,1,13.447407,1,11.793112,243,32,11.756834,29.4,0.0012345679012345679,0.0012345679012345679,0.17
[1.1506172839506172]
2140,1,23.763849,0,20.013132,243,30,19.934044,64.1,0.0012345679012345679,0.0012345679012345679,0.18
[1.0839506172839506]
2160,1,12.770800,1,11.821293,243,25,11.785580,28.9,0.0012345679012345679,0.0012345679012345679,0.18
[1.0864197530864197]
2180,1,12.853319,1,10.138798,243,32,10.095830,34.8,0.0012345679012345679,0.0012345679012345679,0.16
[1.2395061728395063]
2200,1,9.397364,1,8.335522,243,32,8.265737,56.5,0.0012345679012345679,0.0012345679012345679,0.17
[1.2987654320987654]
2220,1,15.295067,0,12.769241,243,30,12.720555,39.4,0.0012345679012345679,0.0012345679012345679,0.17
[1.128395061728395]
2240,1,13.658274,0,11.373764,243,18,11.343243,24.7,0.0012345679012345679,0.0012345679012345679,0.17
[1.2074074074074073]
2260,1,19.453562,1,15.563771,243,32,15.470351,75.7,0.0012345679012345679,0.0012345679012345679,0.18
[0.9135802469135802]
2280,1,4.575279,0,2.934809,243,29,2.900443,27.8,0.0012345679012345679,0.0012345679012345679,0.18
[0.7012345679012345]
2300,1,12.151442,0,10.893559,243,8,10.849813,35.4,0.0012345679012345679,0.0012345679012345679,0.19
[1.088888888888889]
2320,1,6.087597,1,5.060167,243,23,5.030479,24.0,0.0012345679012345679,0.0012345679012345679,0.18
[0.7012345679012345]
2340,1,15.180506,0,12.913740,243,25,12.865493,39.1,0.0012345679012345679,0.0012345679012345679,0.19
[0.7012345679012345]
2360,1,17.381132,1,15.418692,243,27,15.381998,29.7,0.0012345679012345679,0.0012345679012345679,0.19
[1.1160493827160494]
2380,1,9.376837,0,7.519406,243,31,7.454021,53.0,0.0012345679012345679,0.0012345679012345679,0.18
[1.0790123456790124]
2400,1,11.708494,1,9.295906,243,20,9.249233,37.8,0.0012345679012345679,0.0012345679012345679,0.17
[1.2962962962962963]
2420,1,13.470886,1,11.698432,243,25,11.654792,35.3,0.0012345679012345679,0.0012345679012345679,0.20
[0.7012345679012345]
2440,1,12.034784,1,10.919600,243,28,10.892167,22.2,0.0012345679012345679,0.0012345679012345679,0.16
[0.854320987654321]
2460,1,9.909765,0,8.469088,243,23,8.409827,48.0,0.0012345679012345679,0.0012345679012345679,0.18
[0.7012345679012345]
2480,1,5.742523,1,4.805248,243,30,4.775154,24.4,0.0012345679012345679,0.0012345679012345679,0.17
[1.180246913580247]
2500,1,13.998103,1,11.486339,243,32,11.406816,64.4,0.0012345679012345679,0.0012345679012345679,0.21
[1.0617283950617284]
2520,1,11.139479,1,10.202835,243,30,10.178085,20.0,0.0012345679012345679,0.0012345679012345679,0.16
[1.1580246913580245]
2540,1,10.246861,0,8.974232,243,20,8.940920,27.0,0.0012345679012345679,0.0012345679012345679,0.19
[0.7851851851851852]
2560,1,8.067936,0,6.629353,243,45,6.522367,86.7,0.0012345679012345679,0.0012345679012345679,0.18
[0.7012345679012345]
2580,1,10.809495,1,9.937527,243,27,9.898074,32.0,0.0012345679012345679,0.0012345679012345679,0.19
[0.8493827160493828]
2600,1,14.373043,1,12.793680,243,31,12.746322,38.4,0.0012345679012345679,0.0012345679012345679,0.17
[1.1160493827160494]
2620,1,12.789310,1,11.591743,243,30,11.542648,39.8,0.0012345679012345679,0.0012345679012345679,0.17
[1.0839506172839506]
2640,1,12.401401,1,11.057086,243,19,11.023687,27.1,0.0012345679012345679,0.0012345679012345679,0.17
[1.2148148148148148]
2660,1,13.228563,1,11.052240,243,22,10.988437,51.7,0.0012345679012345679,0.0012345679012345679,0.19
[1.074074074074074]
2680,1,9.228796,1,8.154459,243,25,8.135090,15.7,0.0012345679012345679,0.0012345679012345679,0.17
[0.7012345679012345]
2700,1,9.241718,0,8.863703,243,26,8.822994,33.0,0.0012345679012345679,0.0012345679012345679,0.17
[0.9358024691358025]
2720,1,2.805872,1,1.574950,243,25,1.511523,51.4,0.0012345679012345679,0.0012345679012345679,0.19
[1.0493827160493827]
2740,1,8.608356,1,7.560830,243,28,7.538846,17.8,0.0012345679012345679,0.0012345679012345679,0.19
[1.217283950617284]
2760,1,5.463245,1,4.838453,243,28,4.806928,25.5,0.0012345679012345679,0.0012345679012345679,0.18
[0.9506172839506173]
2780,1,9.476395,1,9.320620,243,8,9.255496,52.8,0.0012345679012345679,0.0012345679012345679,0.16
[1.0222222222222221]
2800,1,13.458509,1,11.776376,243,30,11.716129,48.8,0.0012345679012345679,0.0012345679012345679,0.17
[0.7950617283950617]
2820,1,12.799470,0,10.204914,243,13,10.144047,49.3,0.0012345679012345679,0.0012345679012345679,0.16
[0.9111111111111111]
2840,1,13.967848,1,13.388807,243,28,13.360863,22.6,0.0012345679012345679,0.0012345679012345679,0.19
[1.0987654320987654]
2860,1,3.962732,1,2.663901,243,32,2.615176,39.5,0.0012345679012345679,0.0012345679012345679,0.16
[0.8839506172839506]
2880,1,12.617389,1,11.323366,243,32,11.306194,13.9,0.0012345679012345679,0.0012345679012345679,0.17
[1.2543209876543209]
2900,1,12.496173,0,10.062975,243,20,10.020826,34.1,0.0012345679012345679,0.0012345679012345679,0.15
[1.1185185185185185]
2920,1,12.805414,0,10.537354,243,29,10.485225,42.2,0.0012345679012345679,0.0012345679012345679,0.20
[1.0864197530864197]
2940,1,12.504782,1,9.377712,243,19,9.323643,43.8,0.0012345679012345679,0.0012345679012345679,0.18
[1.2370370370370372]
2960,1,12.120893,1,11.692295,243,24,11.655524,29.8,0.0012345679012345679,0.0012345679012345679,0.18
[0.9432098765432099]
2980,1,20.820486,1,17.912888,243,27,17.854241,47.5,0.0012345679012345679,0.0012345679012345679,0.17
[1.1753086419753087]
3000,1,11.173695,1,9.544915,243,30,9.489056,45.2,0.0012345679012345679,0.0012345679012345679,0.20
[0.8246913580246913]
3020,1,15.341692,1,11.739123,243,23,11.644447,76.7,0.0012345679012345679,0.0012345679012345679,0.17
[1.0814814814814815]
3040,1,9.152955,1,7.497056,243,34,7.461820,28.5,0.0012345679012345679,0.0012345679012345679,0.20
[1.2987654320987654]
3060,1,2.111397,1,0.879937,243,29,0.850616,23.8,0.0012345679012345679,0.0012345679012345679,0.18
[0.745679012345679]
3080,1,18.111813,1,15.497934,243,19,15.436867,49.5,0.0012345679012345679,0.0012345679012345679,0.18
[1.1037037037037036]
3100,1,7.879864,1,7.442490,243,36,7.405346,30.1,0.0012345679012345679,0.0012345679012345679,0.17
[1.2987654320987654]
3120,1,15.067089,0,13.120480,243,26,13.069571,41.2,0.0012345679012345679,0.0012345679012345679,0.17
[0.8765432098765432]
3140,1,14.369004,1,12.872139,243,31,12.824764,38.4,0.0012345679012345679,0.0012345679012345679,0.17
[1.071604938271605]
3160,1,5.518204,0,3.333464,243,28,3.295157,31.0,0.0012345679012345679,0.0012345679012345679,0.17
[1.2246913580246912]
3180,1,18.027155,1,15.664260,243,32,15.605722,47.4,0.0012345679012345679,0.0012345679012345679,0.18
[1.0839506172839506]
3200,1,14.790220,1,12.373360,243,41,12.317802,45.0,0.0012345679012345679,0.0012345679012345679,0.17
[0.7012345679012345]
3220,1,15.783821,1,14.120031,243,30,14.073733,37.5,0.0012345679012345679,0.0012345679012345679,0.18
[1.2987654320987654]
3240,1,5.916055,1,4.400368,243,32,4.379407,17.0,0.0012345679012345679,0.0012345679012345679,0.17
[0.8320987654320988]
3260,1,11.782390,0,7.254927,243,18,7.193880,49.4,0.0012345679012345679,0.0012345679012345679,0.19
[0.7407407407407407]
3280,1,8.356460,0,7.316521,243,26,7.273829,34.6,0.0012345679012345679,0.0012345679012345679,0.17
[0.7506172839506172]
3300,1,15.318204,0,13.316139,243,17,13.240660,61.1,0.0012345679012345679,0.0012345679012345679,0.18
[0.8592592592592593]
3320,1,11.175562,1,10.104279,243,10,10.085378,15.3,0.0012345679012345679,0.0012345679012345679,0.16
[1.2888888888888888]
3340,1,12.910207,1,11.388268,243,43,11.348757,32.0,0.0012345679012345679,0.0012345679012345679,0.18
[1.0864197530864197]
3360,1,10.121151,0,8.210930,243,30,8.176785,27.7,0.0012345679012345679,0.0012345679012345679,0.17
[1.291358024691358]
3380,1,12.334966,1,10.415142,243,31,10.399032,13.0,0.0012345679012345679,0.0012345679012345679,0.18
[1.2716049382716048]
3400,1,13.948650,1,11.377960,243,32,11.333201,36.3,0.0012345679012345679,0.0012345679012345679,0.16
[1.1728395061728396]
3420,1,10.666035,1,9.677614,243,30,9.661238,13.3,0.0012345679012345679,0.0012345679012345679,0.18
[1.1358024691358024]
3440,1,10.369854,1,9.185333,243,18,9.157900,22.2,0.0012345679012345679,0.0012345679012345679,0.18
[1.1407407407407406]
3460,1,7.095308,0,6.254261,243,29,6.223093,25.2,0.0012345679012345679,0.0012345679012345679,0.19
[0.9530864197530864]
3480,1,13.133636,1,10.843687,243,30,10.815883,22.5,0.0012345679012345679,0.0012345679012345679,0.18
[1.2987654320987654]
3500,1,16.330803,0,14.138430,243,32,14.090055,39.2,0.0012345679012345679,0.0012345679012345679,0.20
[1.2617283950617284]
3520,1,6.483490,0,5.956511,243,31,5.912864,35.4,0.0012345679012345679,0.0012345679012345679,0.17
[0.8345679012345679]
3540,1,13.985069,1,11.369942,243,30,11.308323,49.9,0.0012345679012345679,0.0012345679012345679,0.18
[1.091358024691358]
3560,1,21.245949,1,19.378719,243,30,19.329956,39.5,0.0012345679012345679,0.0012345679012345679,0.17
[0.9061728395061728]
3580,1,5.602559,0,4.587793,243,28,4.550351,30.3,0.0012345679012345679,0.0012345679012345679,0.20
[0.9358024691358025]
3600,1,11.854753,1,9.761620,243,6,9.708204,43.3,0.0012345679012345679,0.0012345679012345679,0.19
[1.2666666666666666]
3620,1,14.839815,0,12.210978,243,17,12.146709,52.1,0.0012345679012345679,0.0012345679012345679,0.19
[0.7037037037037037]
3640,1,10.230003,1,8.396873,243,27,8.323261,59.6,0.0012345679012345679,0.0012345679012345679,0.18
[1.0641975308641975]
3660,1,13.150418,1,11.384508,243,24,11.309660,60.6,0.0012345679012345679,0.0012345679012345679,0.19
[1.0765432098765433]
3680,1,13.093706,1,9.918964,243,29,9.869290,40.2,0.0012345679012345679,0.0012345679012345679,0.17
[1.1975308641975309]
3700,1,12.867781,0,10.861401,243,23,10.818323,34.9,0.0012345679012345679,0.0012345679012345679,0.19
[0.7530864197530864]
3720,1,12.275145,0,10.433962,243,26,10.379775,43.9,0.0012345679012345679,0.0012345679012345679,0.17
[1.2987654320987654]
3740,1,13.607121,0,12.408442,243,30,12.360430,38.9,0.0012345679012345679,0.0012345679012345679,0.17
[1.2469135802469138]
3760,1,12.145605,1,11.006111,243,20,10.970552,28.8,0.0012345679012345679,0.0012345679012345679,0.18
[1.1185185185185185]
3780,1,2.133034,1,0.836568,243,20,0.811985,19.9,0.0012345679012345679,0.0012345679012345679,0.17
[0.7185185185185184]
3800,1,13.182755,1,10.937072,243,28,10.876164,49.3,0.0012345679012345679,0.0012345679012345679,0.18
[0.7061728395061728]
3820,1,10.511457,1,9.200831,243,17,9.150200,41.0,0.0012345679012345679,0.0012345679012345679,0.16
[1.0592592592592593]
3840,1,10.117272,0,8.343628,243,23,8.299522,35.7,0.0012345679012345679,0.0012345679012345679,0.20
[0.7012345679012345]
3860,1,11.768242,0,10.169106,243,29,10.119701,40.0,0.0012345679012345679,0.0012345679012345679,0.17
[1.2567901234567902]
3880,1,11.865737,0,10.673941,243,36,10.645784,22.8,0.0012345679012345679,0.0012345679012345679,0.17
[1.091358024691358]
3900,1,12.319621,1,11.309669,243,30,11.294567,12.2,0.0012345679012345679,0.0012345679012345679,0.18
[1.180246913580247]
3920,1,13.215103,0,12.308870,243,29,12.284812,19.5,0.0012345679012345679,0.0012345679012345679,0.16
[0.908641975308642]
3940,1,13.486110,1,11.982497,243,9,11.902760,64.6,0.0012345679012345679,0.0012345679012345679,0.18
[1.0444444444444445]
3960,1,18.081490,1,15.262738,243,28,15.207842,44.5,0.0012345679012345679,0.0012345679012345679,0.17
[1.269135802469136]
3980,1,15.935726,1,13.296532,243,31,13.194029,83.0,0.0012345679012345679,0.0012345679012345679,0.17
[1.0938271604938272]
4000,1,7.665795,1,5.948853,243,26,5.882576,53.7,0.0012345679012345679,0.0012345679012345679,0.17
[0.928395061728395]
4020,1,15.881799,1,12.520949,243,28,12.486664,27.8,0.0012345679012345679,0.0012345679012345679,0.18
[0.7654320987654321]
4040,1,11.864902,1,9.526396,243,30,9.479888,37.7,0.0012345679012345679,0.0012345679012345679,0.18
[0.7432098765432098]
4060,1,11.047654,0,8.725584,243,30,8.690032,28.8,0.0012345679012345679,0.0012345679012345679,0.18
[1.128395061728395]
4080,1,15.950305,1,13.581689,243,32,13.525928,45.2,0.0012345679012345679,0.0012345679012345679,0.17
[1.1209876543209876]
4100,1,11.285003,1,7.896806,243,31,7.838058,47.6,0.0012345679012345679,0.0012345679012345679,0.19
[1.182716049382716]
4120,1,10.855991,0,8.746344,243,31,8.680766,53.1,0.0012345679012345679,0.0012345679012345679,0.18
[1.0864197530864197]
4140,1,10.449891,1,9.245296,243,28,9.207110,30.9,0.0012345679012345679,0.0012345679012345679,0.20
[1.2395061728395063]
4160,1,13.239704,1,11.375611,243,22,11.327616,38.9,0.0012345679012345679,0.0012345679012345679,0.18
[1.074074074074074]
4180,1,10.566762,1,9.124907,243,17,9.022543,82.9,0.0012345679012345679,0.0012345679012345679,0.16
[1.0592592592592593]
4200,1,15.525289,0,13.199957,243,31,13.147297,42.7,0.0012345679012345679,0.0012345679012345679,0.20
[0.908641975308642]
4220,1,13.429483,1,11.708960,243,33,11.652141,46.0,0.0012345679012345679,0.0012345679012345679,0.17
[0.9308641975308642]
4240,1,14.303657,0,11.955406,243,25,11.903258,42.2,0.0012345679012345679,0.0012345679012345679,0.18
[1.1308641975308642]
4260,1,11.264533,0,9.607378,243,27,9.561595,37.1,0.0012345679012345679,0.0012345679012345679,0.18
[0.8864197530864197]
4280,1,7.530642,1,6.416316,243,25,6.392088,19.6,0.0012345679012345679,0.0012345679012345679,0.18
[1.2716049382716048]
4300,1,4.199996,0,3.543536,243,31,3.511387,26.0,0.0012345679012345679,0.0012345679012345679,0.19
[0.7012345679012345]
4320,1,16.523281,1,13.180945,243,30,13.118880,50.3,0.0012345679012345679,0.0012345679012345679,0.17
[1.2987654320987654]
4340,1,11.302273,1,9.355560,243,25,9.299543,45.4,0.0012345679012345679,0.0012345679012345679,0.17
[1.1086419753086418]
4360,1,2.575481,0,1.524909,243,10,1.488773,29.3,0.0012345679012345679,0.0012345679012345679,0.18
[1.2222222222222223]
4380,1,6.958237,0,5.107653,243,29,5.077434,24.5,0.0012345679012345679,0.0012345679012345679,0.18
[0.7012345679012345]
4400,1,7.154343,0,3.428566,243,18,3.400344,22.9,0.0012345679012345679,0.0012345679012345679,0.18
[1.2740740740740741]
4420,1,10.600216,0,9.068966,243,4,9.024798,35.8,0.0012345679012345679,0.0012345679012345679,0.18
[0.8666666666666667]
4440,1,10.823125,1,10.007856,243,25,9.981240,21.6,0.0012345679012345679,0.0012345679012345679,0.17
[0.9160493827160494]
4460,1,7.459950,1,6.484158,243,18,6.439692,36.0,0.0012345679012345679,0.0012345679012345679,0.18
[0.9407407407407408]
4480,1,9.981525,1,9.015718,243,27,8.982785,26.7,0.0012345679012345679,0.0012345679012345679,0.17
[1.1975308641975309]
4500,1,3.779553,0,3.408084,243,20,3.383127,20.2,0.0012345679012345679,0.0012345679012345679,0.17
[1.0518518518518518]
4520,1,11.966988,1,11.310825,243,39,11.256847,43.7,0.0012345679012345679,0.0012345679012345679,0.17
[1.0938271604938272]
4540,1,9.474771,0,7.317841,243,49,7.251960,53.4,0.0012345679012345679,0.0012345679012345679,0.17
[0.7012345679012345]
4560,1,11.846395,0,9.387562,243,29,9.334772,42.8,0.0012345679012345679,0.0012345679012345679,0.19
[0.7012345679012345]
4580,1,13.097377,1,11.882553,243,19,11.863565,15.4,0.0012345679012345679,0.0012345679012345679,0.16
[1.2370370370370372]
4600,1,20.295195,1,17.776960,243,35,17.701761,60.9,0.0012345679012345679,0.0012345679012345679,0.18
[1.0790123456790124]
4620,1,6.891115,1,4.509561,243,20,4.453342,45.5,0.0012345679012345679,0.0012345679012345679,0.17
[1.2962962962962963]
4640,1,8.726192,1,7.406327,243,23,7.372835,27.1,0.0012345679012345679,0.0012345679012345679,0.19
[0.8641975308641976]
4660,1,11.217375,0,7.675154,243,21,7.614181,49.4,0.0012345679012345679,0.0012345679012345679,0.19
[0.7012345679012345]
4680,1,27.712690,1,25.029680,243,57,24.963161,53.9,0.0012345679012345679,0.0012345679012345679,0.18
[0.7012345679012345]
4700,1,10.834709,1,9.438707,243,27,9.400157,31.2,0.0012345679012345679,0.0012345679012345679,0.18
[0.7012345679012345]
4720,1,12.845563,1,10.419130,243,30,10.367277,42.0,0.0012345679012345679,0.0012345679012345679,0.18
[1.128395061728395]
example 4740 is misclassified, pass
4760,1,12.885807,0,10.964795,243,27,10.929836,28.3,0.0012345679012345679,0.0012345679012345679,0.17
[1.1308641975308642]
4780,1,15.547329,1,13.094963,243,23,13.020198,60.6,0.0012345679012345679,0.0012345679012345679,0.17
[1.0814814814814815]
4800,1,12.903190,1,10.740189,243,9,10.698727,33.6,0.0012345679012345679,0.0012345679012345679,0.18
[1.1111111111111112]
4820,1,14.892681,1,12.355257,243,31,12.298413,46.0,0.0012345679012345679,0.0012345679012345679,0.19
[1.2493827160493827]
4840,1,10.742892,0,9.211265,243,18,9.181314,24.3,0.0012345679012345679,0.0012345679012345679,0.18
[0.8962962962962963]
4860,1,2.933996,1,-2.433670,243,24,-2.484335,41.0,0.0012345679012345679,0.0012345679012345679,0.19
[1.291358024691358]
4880,1,8.761916,1,5.812210,243,29,5.745659,53.9,0.0012345679012345679,0.0012345679012345679,0.18
[1.2567901234567902]
4900,1,9.030497,0,7.436105,243,17,7.395869,32.6,0.0012345679012345679,0.0012345679012345679,0.18
[1.1259259259259258]
4920,1,13.925516,1,11.417752,243,32,11.356141,49.9,0.0012345679012345679,0.0012345679012345679,0.17
[0.9209876543209876]
4940,1,14.268123,0,12.033287,243,37,11.961342,58.3,0.0012345679012345679,0.0012345679012345679,0.18
[1.0790123456790124]
4960,1,14.315272,0,12.115885,243,30,12.076102,32.2,0.0012345679012345679,0.0012345679012345679,0.19
[1.2765432098765432]
4980,1,15.313224,1,13.985749,243,34,13.941713,35.7,0.0012345679012345679,0.0012345679012345679,0.19
[1.0839506172839506]
5000,1,11.833255,1,10.200693,243,30,10.147736,42.9,0.0012345679012345679,0.0012345679012345679,0.19
[0.9209876543209876]
5020,1,12.584720,1,11.209681,243,30,11.160443,39.9,0.0012345679012345679,0.0012345679012345679,0.17
[1.2765432098765432]
5040,1,9.058895,0,7.688390,243,24,7.657718,24.8,0.0012345679012345679,0.0012345679012345679,0.19
[1.2987654320987654]
5060,1,13.551218,1,10.684243,243,6,10.642611,33.7,0.0012345679012345679,0.0012345679012345679,0.17
[1.2666666666666666]
5080,1,14.036735,1,12.360401,243,13,12.312057,39.2,0.0012345679012345679,0.0012345679012345679,0.19
[0.9111111111111111]
5100,1,10.474292,0,8.793945,243,33,8.753456,32.8,0.0012345679012345679,0.0012345679012345679,0.19
[0.7012345679012345]
5120,1,18.892004,0,15.188979,243,32,15.140823,39.0,0.0012345679012345679,0.0012345679012345679,0.16
[0.7876543209876543]
5140,1,6.214808,1,4.547159,243,21,4.489280,46.9,0.0012345679012345679,0.0012345679012345679,0.19
[1.1086419753086418]
5160,1,11.296233,1,10.161413,243,29,10.126702,28.1,0.0012345679012345679,0.0012345679012345679,0.18
[1.1975308641975309]
5180,1,10.279736,1,8.511429,243,27,8.481882,23.9,0.0012345679012345679,0.0012345679012345679,0.18
[0.7901234567901234]
5200,1,8.821947,0,6.839187,243,32,6.814582,19.9,0.0012345679012345679,0.0012345679012345679,0.18
[1.2987654320987654]
5220,1,8.544207,1,7.639272,243,28,7.590773,39.3,0.0012345679012345679,0.0012345679012345679,0.18
[1.0691358024691358]
5240,1,8.340755,1,7.420111,243,26,7.392295,22.5,0.0012345679012345679,0.0012345679012345679,0.17
[1.0962962962962963]
5260,1,8.415592,1,6.540857,243,32,6.516593,19.7,0.0012345679012345679,0.0012345679012345679,0.19
[1.2987654320987654]
5280,1,18.754690,1,16.171978,243,28,16.107267,52.4,0.0012345679012345679,0.0012345679012345679,0.18
[0.8913580246913579]
5300,1,13.931367,1,12.921986,243,15,12.899782,18.0,0.0012345679012345679,0.0012345679012345679,0.19
[0.8592592592592593]
5320,1,13.065699,1,11.116521,243,10,11.063235,43.2,0.0012345679012345679,0.0012345679012345679,0.17
[1.2888888888888888]
5340,1,16.098835,1,14.494379,243,17,14.402517,74.4,0.0012345679012345679,0.0012345679012345679,0.17
[0.8592592592592593]
5360,1,12.266840,0,11.086194,243,25,11.051526,28.1,0.0012345679012345679,0.0012345679012345679,0.18
[1.2419753086419754]
5380,1,12.556249,0,10.408840,243,27,10.375197,27.3,0.0012345679012345679,0.0012345679012345679,0.17
[1.1975308641975309]
5400,1,15.513360,1,13.187983,243,27,13.114219,59.7,0.0012345679012345679,0.0012345679012345679,0.18
[1.0641975308641975]
5420,1,13.330404,0,10.759039,243,27,10.711185,38.8,0.0012345679012345679,0.0012345679012345679,0.18
[0.7012345679012345]
5440,1,9.855690,1,7.892622,243,24,7.856745,29.1,0.0012345679012345679,0.0012345679012345679,0.18
[0.8024691358024691]
5460,1,12.349348,1,11.363447,243,30,11.342098,17.3,0.0012345679012345679,0.0012345679012345679,0.17
[1.2320987654320987]
5480,1,13.917822,1,11.785316,243,32,11.746671,31.3,0.0012345679012345679,0.0012345679012345679,0.16
[1.2617283950617284]
5500,1,18.824417,1,15.974562,243,32,15.923498,41.4,0.0012345679012345679,0.0012345679012345679,0.16
[1.2987654320987654]
5520,1,13.296113,0,11.163401,243,32,11.139891,19.0,0.0012345679012345679,0.0012345679012345679,0.19
[1.2987654320987654]
5540,1,11.400080,1,9.524525,243,31,9.489914,28.0,0.0012345679012345679,0.0012345679012345679,0.17
[1.182716049382716]
5560,1,9.544706,0,8.704586,243,28,8.689086,12.6,0.0012345679012345679,0.0012345679012345679,0.18
[0.762962962962963]
5580,1,12.013409,1,10.076563,243,30,10.035604,33.2,0.0012345679012345679,0.0012345679012345679,0.18
[0.8320987654320988]
5600,1,4.104904,0,3.729268,243,28,3.709216,16.2,0.0012345679012345679,0.0012345679012345679,0.18
[1.0691358024691358]
5620,1,6.777753,0,5.467050,243,31,5.443301,19.2,0.0012345679012345679,0.0012345679012345679,0.18
[1.182716049382716]
5640,1,10.049370,0,8.558046,243,31,8.520884,30.1,0.0012345679012345679,0.0012345679012345679,0.20
[0.908641975308642]
5660,1,17.878456,1,15.959883,243,25,15.902995,46.1,0.0012345679012345679,0.0012345679012345679,0.17
[1.1753086419753087]
5680,1,8.354925,1,7.509521,243,24,7.483078,21.4,0.0012345679012345679,0.0012345679012345679,0.18
[0.9358024691358025]
5700,1,9.040603,1,8.361158,243,5,8.308994,42.3,0.0012345679012345679,0.0012345679012345679,0.17
[0.7333333333333333]
5720,1,10.623548,0,8.194132,243,6,8.168190,21.0,0.0012345679012345679,0.0012345679012345679,0.16
[1.2666666666666666]
5740,1,12.606405,0,10.368736,243,31,10.315794,42.9,0.0012345679012345679,0.0012345679012345679,0.17
[1.2493827160493827]
5760,1,16.213373,1,14.222250,243,18,14.159848,50.5,0.0012345679012345679,0.0012345679012345679,0.18
[1.074074074074074]
5780,1,17.092876,1,15.360182,243,18,15.311221,39.7,0.0012345679012345679,0.0012345679012345679,0.17
[0.9407407407407408]
5800,1,11.862961,1,8.557657,243,25,8.484708,59.1,0.0012345679012345679,0.0012345679012345679,0.18
[0.7012345679012345]
5820,1,16.390205,0,13.645802,243,23,13.579790,53.5,0.0012345679012345679,0.0012345679012345679,0.19
[0.7012345679012345]
5840,1,15.219627,1,12.611840,243,28,12.555098,46.0,0.0012345679012345679,0.0012345679012345679,0.18
[0.8987654320987655]
5860,1,14.645155,1,12.291103,243,17,12.210319,65.4,0.0012345679012345679,0.0012345679012345679,0.17
[1.0814814814814815]
5880,1,12.820815,0,10.793895,243,32,10.769076,20.1,0.0012345679012345679,0.0012345679012345679,0.18
[1.2987654320987654]
5900,1,15.809183,0,11.736149,243,32,11.697411,31.4,0.0012345679012345679,0.0012345679012345679,0.17
[1.2987654320987654]
5920,1,14.835197,1,13.167274,243,32,13.134980,26.2,0.0012345679012345679,0.0012345679012345679,0.19
[0.7283950617283951]
5940,1,11.158317,1,10.034454,243,17,10.008349,21.1,0.0012345679012345679,0.0012345679012345679,0.18
[1.1037037037037036]
5960,1,10.086287,1,8.531465,243,12,8.502948,23.1,0.0012345679012345679,0.0012345679012345679,0.18
[1.1555555555555554]
5980,1,18.163818,1,11.582116,243,11,11.514704,54.6,0.0012345679012345679,0.0012345679012345679,0.19
[0.7111111111111111]
6000,1,11.217369,1,9.191144,243,28,9.145324,37.1,0.0012345679012345679,0.0012345679012345679,0.19
[1.1358024691358024]
6020,1,14.338267,1,11.694265,243,31,11.654315,32.4,0.0012345679012345679,0.0012345679012345679,0.18
[1.2271604938271605]
6040,1,18.800806,1,12.382623,243,29,12.307864,60.6,0.0012345679012345679,0.0012345679012345679,0.18
[0.7012345679012345]
6060,1,11.696735,0,10.170317,243,17,10.150122,16.4,0.0012345679012345679,0.0012345679012345679,0.18
[1.2370370370370372]
6080,1,13.623165,0,10.192550,243,9,10.134183,47.3,0.0012345679012345679,0.0012345679012345679,0.18
[0.7111111111111111]
6100,1,14.847261,0,12.158163,243,25,12.116065,34.1,0.0012345679012345679,0.0012345679012345679,0.19
[0.7012345679012345]
6120,1,15.387050,0,13.312751,243,32,13.271655,33.3,0.0012345679012345679,0.0012345679012345679,0.16
[1.106172839506173]
6140,1,16.342932,1,14.577631,243,29,14.513847,51.7,0.0012345679012345679,0.0012345679012345679,0.18
[1.2049382716049384]
6160,1,16.646194,1,13.670972,243,18,13.595407,61.2,0.0012345679012345679,0.0012345679012345679,0.18
[0.8962962962962963]
6180,1,20.589142,1,17.114929,243,28,17.054139,49.2,0.0012345679012345679,0.0012345679012345679,0.18
[1.2617283950617284]
6200,1,11.923969,1,10.615156,243,27,10.576652,31.2,0.0012345679012345679,0.0012345679012345679,0.18
[0.9308641975308642]
6220,1,12.622221,1,11.067174,243,18,11.034582,26.4,0.0012345679012345679,0.0012345679012345679,0.17
[0.7407407407407407]
6240,1,18.317938,0,13.408327,243,31,13.346830,49.8,0.0012345679012345679,0.0012345679012345679,0.18
[0.7530864197530864]
6260,1,15.862312,1,12.829908,243,28,12.757806,58.4,0.0012345679012345679,0.0012345679012345679,0.18
[0.8617283950617284]
6280,1,17.560253,1,15.812378,243,30,15.753380,47.8,0.0012345679012345679,0.0012345679012345679,0.18
[1.2617283950617284]
6300,1,11.484957,1,9.851664,243,17,9.819243,26.3,0.0012345679012345679,0.0012345679012345679,0.19
[0.7259259259259259]
6320,1,13.968739,1,12.361533,243,30,12.330240,25.3,0.0012345679012345679,0.0012345679012345679,0.16
[1.2987654320987654]
6340,1,17.544821,1,16.234755,243,26,16.174462,48.8,0.0012345679012345679,0.0012345679012345679,0.18
[0.9580246913580246]
6360,1,15.057864,0,12.288301,243,29,12.234580,43.5,0.0012345679012345679,0.0012345679012345679,0.16
[1.1012345679012345]
6380,1,11.157898,0,10.005452,243,46,9.965006,32.8,0.0012345679012345679,0.0012345679012345679,0.18
[0.7432098765432098]
6400,1,6.467129,1,4.545188,243,30,4.500231,36.4,0.0012345679012345679,0.0012345679012345679,0.17
[0.7580246913580246]
6420,1,6.210909,1,5.139855,243,3,5.107159,26.5,0.0012345679012345679,0.0012345679012345679,0.20
[0.9333333333333333]
6440,1,17.004585,1,14.923909,243,29,14.863483,48.9,0.0012345679012345679,0.0012345679012345679,0.18
[0.9234567901234568]
6460,1,9.788698,1,6.495578,243,25,6.456835,31.4,0.0012345679012345679,0.0012345679012345679,0.20
[1.2864197530864199]
6480,1,14.018264,0,12.241173,243,25,12.186962,43.9,0.0012345679012345679,0.0012345679012345679,0.19
[1.1012345679012345]
6500,1,15.655656,1,13.921036,243,21,13.866258,44.4,0.0012345679012345679,0.0012345679012345679,0.19
[0.9259259259259259]
6520,1,12.442393,1,10.520255,243,13,10.473574,37.8,0.0012345679012345679,0.0012345679012345679,0.19
[0.9111111111111111]
6540,1,10.819779,1,9.806367,243,26,9.773521,26.6,0.0012345679012345679,0.0012345679012345679,0.19
[1.2765432098765432]
6560,1,1.671535,0,0.310770,243,8,0.269377,33.5,0.0012345679012345679,0.0012345679012345679,0.18
[0.8222222222222222]
6580,1,10.040546,1,8.859859,243,29,8.770901,72.1,0.0012345679012345679,0.0012345679012345679,0.19
[1.071604938271605]
6600,1,11.158171,1,7.378754,243,25,7.289622,72.2,0.0012345679012345679,0.0012345679012345679,0.21
[0.7012345679012345]
6620,1,15.100512,1,12.277459,243,26,12.235512,34.0,0.0012345679012345679,0.0012345679012345679,0.19
[0.7061728395061728]
6640,1,13.013243,1,10.962341,243,32,10.924884,30.3,0.0012345679012345679,0.0012345679012345679,0.17
[1.106172839506173]
6660,1,17.812309,1,13.238908,243,28,13.160209,63.7,0.0012345679012345679,0.0012345679012345679,0.19
[1.2987654320987654]
6680,1,14.305766,1,12.437588,243,44,12.391103,37.7,0.0012345679012345679,0.0012345679012345679,0.20
[0.7654320987654321]
6700,1,13.533579,1,10.213005,243,32,10.161276,41.9,0.0012345679012345679,0.0012345679012345679,0.18
[1.2987654320987654]
6720,1,14.852938,1,13.389701,243,32,13.359390,24.6,0.0012345679012345679,0.0012345679012345679,0.21
[1.2987654320987654]
6740,1,8.846685,0,7.139431,243,29,7.041395,79.4,0.0012345679012345679,0.0012345679012345679,0.17
[0.8938271604938272]
6760,1,13.394792,1,11.738470,243,4,11.675841,50.7,0.0012345679012345679,0.0012345679012345679,0.19
[1.0666666666666667]
6780,1,10.755476,1,9.614288,243,5,9.588457,20.9,0.0012345679012345679,0.0012345679012345679,0.17
[1.1333333333333333]
6800,1,14.798294,1,13.187803,243,41,13.119100,55.6,0.0012345679012345679,0.0012345679012345679,0.18
[1.234567901234568]
6820,1,14.400864,0,11.714388,243,30,11.661442,42.9,0.0012345679012345679,0.0012345679012345679,0.17
[1.202469135802469]
6840,1,15.942668,0,12.425407,243,18,12.358773,54.0,0.0012345679012345679,0.0012345679012345679,0.18
[1.2296296296296294]
6860,1,13.446862,1,11.376673,243,29,11.331409,36.7,0.0012345679012345679,0.0012345679012345679,0.18
[1.2419753086419754]
6880,1,15.439901,0,12.737651,243,32,12.690994,37.8,0.0012345679012345679,0.0012345679012345679,0.18
[1.2839506172839505]
6900,1,17.054501,1,15.082964,243,30,15.039712,35.0,0.0012345679012345679,0.0012345679012345679,0.18
[0.7283950617283951]
6920,1,15.707531,1,14.076998,243,34,14.006388,57.2,0.0012345679012345679,0.0012345679012345679,0.18
[0.9506172839506173]
6940,1,10.916550,1,9.393469,243,34,9.356610,29.9,0.0012345679012345679,0.0012345679012345679,0.18
[1.0839506172839506]
6960,1,13.259921,0,10.968136,243,28,10.931627,29.6,0.0012345679012345679,0.0012345679012345679,0.19
[1.2987654320987654]
6980,1,9.662554,1,8.353289,243,39,8.322581,24.9,0.0012345679012345679,0.0012345679012345679,0.18
[0.7012345679012345]
7000,1,12.618526,1,11.560425,243,30,11.540634,16.0,0.0012345679012345679,0.0012345679012345679,0.17
[1.2246913580246912]
7020,1,15.823256,1,13.249263,243,19,13.208219,33.2,0.0012345679012345679,0.0012345679012345679,0.17
[0.7037037037037037]
7040,1,15.005292,1,12.774462,243,18,12.686895,70.9,0.0012345679012345679,0.0012345679012345679,0.18
[1.074074074074074]
7060,1,14.157271,1,11.796335,243,1,11.759097,30.2,0.0012345679012345679,0.0012345679012345679,0.18
[0.7999999999999999]
7080,1,14.767690,1,13.621284,243,18,13.575818,36.8,0.0012345679012345679,0.0012345679012345679,0.18
[0.9407407407407408]
7100,1,14.470055,0,12.713917,243,23,12.662323,41.8,0.0012345679012345679,0.0012345679012345679,0.19
[1.0814814814814815]
7120,1,17.408289,0,14.856585,243,23,14.802499,43.8,0.0012345679012345679,0.0012345679012345679,0.19
[0.7012345679012345]
7140,1,15.451124,1,13.880121,243,25,13.815763,52.1,0.0012345679012345679,0.0012345679012345679,0.19
[1.0567901234567902]
7160,1,16.939838,1,14.732046,243,32,14.676537,45.0,0.0012345679012345679,0.0012345679012345679,0.18
[0.928395061728395]
7180,1,12.260505,0,9.690252,243,26,9.651236,31.6,0.0012345679012345679,0.0012345679012345679,0.19
[1.2987654320987654]
7200,1,10.205457,1,8.219326,243,29,8.183568,29.0,0.0012345679012345679,0.0012345679012345679,0.17
[1.123456790123457]
7220,1,15.733214,1,14.420067,243,32,14.361464,47.5,0.0012345679012345679,0.0012345679012345679,0.18
[1.128395061728395]
7240,1,5.999539,1,5.727932,243,12,5.674243,43.5,0.0012345679012345679,0.0012345679012345679,0.18
[0.8666666666666667]
7260,1,9.107706,0,8.181773,243,10,8.149926,25.8,0.0012345679012345679,0.0012345679012345679,0.17
[0.8888888888888888]
7280,1,12.042466,1,11.039839,243,32,11.018323,17.4,0.0012345679012345679,0.0012345679012345679,0.18
[1.2987654320987654]
7300,1,10.320824,0,9.047976,243,25,9.022488,20.6,0.0012345679012345679,0.0012345679012345679,0.17
[1.1901234567901235]
7320,1,10.910128,0,9.928198,243,10,9.903600,19.9,0.0012345679012345679,0.0012345679012345679,0.16
[0.8222222222222222]
7340,1,13.278210,1,12.119729,243,42,12.101053,15.1,0.0012345679012345679,0.0012345679012345679,0.25
[1.2469135802469138]
7360,1,14.966217,1,12.834120,243,29,12.795185,31.5,0.0012345679012345679,0.0012345679012345679,0.17
[0.7086419753086419]
7380,1,10.710138,1,9.024294,243,15,8.982263,34.0,0.0012345679012345679,0.0012345679012345679,0.18
[0.9111111111111111]
7400,1,14.569632,0,11.956739,243,23,11.882765,59.9,0.0012345679012345679,0.0012345679012345679,0.19
[0.9259259259259259]
7420,1,11.392059,0,8.598661,243,19,8.543771,44.5,0.0012345679012345679,0.0012345679012345679,0.18
[1.2370370370370372]
7440,1,13.967176,1,12.147654,243,18,12.101768,37.2,0.0012345679012345679,0.0012345679012345679,0.18
[1.0962962962962963]
7460,1,11.892502,1,10.050220,243,15,10.010612,32.1,0.0012345679012345679,0.0012345679012345679,0.18
[0.9111111111111111]
7480,1,19.614092,1,16.698059,243,31,16.660680,30.3,0.0012345679012345679,0.0012345679012345679,0.17
[1.234567901234568]
7500,1,13.592117,1,11.647380,243,32,11.612736,28.1,0.0012345679012345679,0.0012345679012345679,0.18
[0.8320987654320988]
7520,1,16.460375,0,13.068451,243,12,13.006215,50.4,0.0012345679012345679,0.0012345679012345679,0.18
[1.2888888888888888]
7540,1,20.796871,1,18.393772,243,18,18.341211,42.6,0.0012345679012345679,0.0012345679012345679,0.18
[0.7407407407407407]
7560,1,14.015050,0,12.246576,243,32,12.212062,28.0,0.0012345679012345679,0.0012345679012345679,0.16
[0.854320987654321]
7580,1,8.293188,1,7.165205,243,29,7.126635,31.2,0.0012345679012345679,0.0012345679012345679,0.18
[0.7012345679012345]
7600,1,18.320492,1,15.590867,243,28,15.558704,26.1,0.0012345679012345679,0.0012345679012345679,0.17
[1.2987654320987654]
7620,1,11.856350,1,9.202545,243,28,9.147203,44.8,0.0012345679012345679,0.0012345679012345679,0.19
[0.9135802469135802]
7640,1,9.116210,1,7.927690,243,31,7.895426,26.1,0.0012345679012345679,0.0012345679012345679,0.18
[0.9160493827160494]
7660,1,14.006878,1,12.398077,243,30,12.357482,32.9,0.0012345679012345679,0.0012345679012345679,0.17
[1.0765432098765433]
7680,1,7.940722,0,7.006166,243,18,6.975084,25.2,0.0012345679012345679,0.0012345679012345679,0.16
[1.074074074074074]
7700,1,7.934515,1,7.097216,243,17,7.068699,23.1,0.0012345679012345679,0.0012345679012345679,0.18
[0.9259259259259259]
7720,1,7.826585,0,6.908992,243,28,6.884011,20.2,0.0012345679012345679,0.0012345679012345679,0.17
[1.1580246913580245]
7740,1,17.621901,1,15.305548,243,3,15.243014,50.7,0.0012345679012345679,0.0012345679012345679,0.17
[0.9333333333333333]
7760,1,10.938154,0,9.675379,243,31,9.646841,23.1,0.0012345679012345679,0.0012345679012345679,0.18
[0.9160493827160494]
7780,1,17.183414,1,15.254932,243,7,15.207250,38.6,0.0012345679012345679,0.0012345679012345679,0.16
[1.1777777777777778]
7800,1,13.305517,0,12.033812,243,16,11.991232,34.5,0.0012345679012345679,0.0012345679012345679,0.17
[1.088888888888889]
7820,1,16.193260,1,14.764338,243,27,14.686871,62.7,0.0012345679012345679,0.0012345679012345679,0.18
[1.2271604938271605]
7840,1,13.499730,0,11.034946,243,25,10.953443,66.0,0.0012345679012345679,0.0012345679012345679,0.17
[0.7012345679012345]
7860,1,11.944935,1,10.018373,243,24,9.983343,28.4,0.0012345679012345679,0.0012345679012345679,0.17
[0.8024691358024691]
7880,1,17.601650,1,15.230532,243,28,15.176569,43.7,0.0012345679012345679,0.0012345679012345679,0.17
[0.7209876543209877]
7900,1,7.638427,1,7.638427,243,0,7.607690,24.9,0.0012345679012345679,0.0012345679012345679,0.18
[1.0]
7920,1,8.992176,1,8.735174,243,26,8.709795,20.6,0.0012345679012345679,0.0012345679012345679,0.17
[1.0839506172839506]
7940,1,9.686502,1,8.953138,243,32,8.921197,25.9,0.0012345679012345679,0.0012345679012345679,0.19
[1.0691358024691358]
7960,1,11.311351,1,9.881613,243,27,9.829643,42.1,0.0012345679012345679,0.0012345679012345679,0.18
[0.8938271604938272]
7980,1,14.125402,1,11.979449,243,32,11.945093,27.8,0.0012345679012345679,0.0012345679012345679,0.16
[1.217283950617284]
8000,1,15.005032,0,13.051302,243,18,13.005583,37.0,0.0012345679012345679,0.0012345679012345679,0.18
[1.2074074074074073]
8020,1,8.374607,1,6.939907,243,19,6.894154,37.1,0.0012345679012345679,0.0012345679012345679,0.17
[0.7037037037037037]
8040,1,23.678951,1,21.686390,243,51,21.630291,45.4,0.0012345679012345679,0.0012345679012345679,0.17
[0.7012345679012345]
8060,1,12.204443,1,10.927039,243,25,10.873512,43.4,0.0012345679012345679,0.0012345679012345679,0.16
[0.9382716049382716]
8080,1,15.685432,1,14.506669,243,18,14.457615,39.7,0.0012345679012345679,0.0012345679012345679,0.17
[0.9407407407407408]
8100,1,12.874430,1,11.373387,243,32,11.340953,26.3,0.0012345679012345679,0.0012345679012345679,0.16
[1.106172839506173]
8120,1,17.782705,1,13.963269,243,31,13.897605,53.2,0.0012345679012345679,0.0012345679012345679,0.15
[1.2123456790123457]
8140,1,16.763708,1,14.781122,243,32,14.724107,46.2,0.0012345679012345679,0.0012345679012345679,0.17
[0.9135802469135802]
8160,1,9.093413,0,6.941349,243,20,6.891263,40.6,0.0012345679012345679,0.0012345679012345679,0.18
[1.162962962962963]
8180,1,13.141464,0,11.237024,243,32,11.180246,46.0,0.0012345679012345679,0.0012345679012345679,0.16
[1.2987654320987654]
8200,1,14.653334,1,13.227805,243,29,13.176640,41.4,0.0012345679012345679,0.0012345679012345679,0.19
[1.0790123456790124]
8220,1,16.139481,1,13.548494,243,30,13.495234,43.1,0.0012345679012345679,0.0012345679012345679,0.16
[1.269135802469136]
8240,1,14.095892,1,12.688708,243,28,12.634245,44.1,0.0012345679012345679,0.0012345679012345679,0.18
[1.0839506172839506]
8260,1,13.756470,1,11.273387,243,19,11.203863,56.3,0.0012345679012345679,0.0012345679012345679,0.16
[1.2592592592592593]
8280,1,14.037951,1,10.858879,243,32,10.812325,37.7,0.0012345679012345679,0.0012345679012345679,0.16
[1.1950617283950618]
8300,1,17.580568,1,15.998625,243,20,15.957860,33.0,0.0012345679012345679,0.0012345679012345679,0.18
[1.1185185185185185]
8320,1,14.711916,0,12.780173,243,35,12.727699,42.5,0.0012345679012345679,0.0012345679012345679,0.16
[0.908641975308642]
8340,1,16.809227,1,13.659046,243,24,13.622573,29.5,0.0012345679012345679,0.0012345679012345679,0.19
[1.2987654320987654]
8360,1,15.485819,1,13.587776,243,32,13.553974,27.4,0.0012345679012345679,0.0012345679012345679,0.16
[1.2987654320987654]
8380,1,20.035301,1,17.522280,243,13,17.459544,50.8,0.0012345679012345679,0.0012345679012345679,0.18
[0.9111111111111111]
8400,1,11.346540,0,9.598715,243,24,9.574168,19.9,0.0012345679012345679,0.0012345679012345679,0.19
[1.2987654320987654]
8420,1,14.470827,1,12.251800,243,18,12.222019,24.1,0.0012345679012345679,0.0012345679012345679,0.17
[1.2074074074074073]
8440,1,19.201164,1,15.495092,243,17,15.429617,53.0,0.0012345679012345679,0.0012345679012345679,0.17
[0.7925925925925925]
8460,1,19.299231,1,14.767086,243,29,14.691858,60.9,0.0012345679012345679,0.0012345679012345679,0.18
[0.8641975308641976]
8480,1,13.544864,0,11.340126,243,19,11.300225,32.3,0.0012345679012345679,0.0012345679012345679,0.19
[1.2814814814814817]
8500,1,15.765954,0,14.089543,243,32,14.056145,27.1,0.0012345679012345679,0.0012345679012345679,0.17
[1.2395061728395063]
8520,1,3.685315,0,2.666094,243,4,2.622971,34.9,0.0012345679012345679,0.0012345679012345679,0.17
[0.8666666666666667]
8540,1,12.537385,0,11.048169,243,18,11.023682,19.8,0.0012345679012345679,0.0012345679012345679,0.18
[1.2740740740740741]
8560,1,15.848274,1,13.120479,243,20,13.037126,67.5,0.0012345679012345679,0.0012345679012345679,0.17
[0.9185185185185185]
8580,1,18.939835,1,15.991743,243,25,15.923016,55.7,0.0012345679012345679,0.0012345679012345679,0.18
[0.7012345679012345]
8600,1,12.889408,1,11.466168,243,32,11.439459,21.6,0.0012345679012345679,0.0012345679012345679,0.17
[1.2987654320987654]
8620,1,10.052781,0,8.168327,243,32,8.140728,22.4,0.0012345679012345679,0.0012345679012345679,0.17
[1.217283950617284]
8640,1,9.520819,1,8.095251,243,21,8.057388,30.7,0.0012345679012345679,0.0012345679012345679,0.19
[0.9259259259259259]
8660,1,14.136118,1,12.248968,243,34,12.193029,45.3,0.0012345679012345679,0.0012345679012345679,0.17
[0.9209876543209876]
8680,1,13.213725,1,11.099886,243,9,11.058337,33.7,0.0012345679012345679,0.0012345679012345679,0.17
[0.7777777777777778]
8700,1,11.290957,1,9.968192,243,10,9.938405,24.1,0.0012345679012345679,0.0012345679012345679,0.20
[1.2222222222222223]
8720,1,15.694324,1,13.170135,243,32,13.143375,21.7,0.0012345679012345679,0.0012345679012345679,0.17
[1.2987654320987654]
8740,1,14.220604,1,12.303867,243,32,12.277867,21.1,0.0012345679012345679,0.0012345679012345679,0.17
[1.2987654320987654]
8760,1,20.016544,1,17.669283,243,7,17.592383,62.3,0.0012345679012345679,0.0012345679012345679,0.18
[0.9333333333333333]
8780,1,16.413227,1,15.361588,243,30,15.310349,41.5,0.0012345679012345679,0.0012345679012345679,0.17
[0.9580246913580246]
8800,1,24.112785,1,20.534336,243,27,20.442017,74.8,0.0012345679012345679,0.0012345679012345679,0.17
[0.8197530864197531]
8820,1,16.819517,1,13.206753,243,29,13.158816,38.8,0.0012345679012345679,0.0012345679012345679,0.17
[0.7604938271604939]
8840,1,17.730288,1,15.993835,243,28,15.941707,42.2,0.0012345679012345679,0.0012345679012345679,0.16
[1.0691358024691358]
8860,1,15.392971,1,13.593315,243,34,13.530936,50.5,0.0012345679012345679,0.0012345679012345679,0.18
[1.0691358024691358]
8880,1,21.143967,1,17.190411,243,28,17.121659,55.7,0.0012345679012345679,0.0012345679012345679,0.18
[0.8395061728395061]
8900,1,11.733936,0,9.784939,243,29,9.743991,33.2,0.0012345679012345679,0.0012345679012345679,0.17
[0.7012345679012345]
8920,1,14.461712,1,11.815962,243,23,11.763332,42.6,0.0012345679012345679,0.0012345679012345679,0.18
[0.7012345679012345]
8940,1,15.972666,1,13.752768,243,19,13.690365,50.5,0.0012345679012345679,0.0012345679012345679,0.17
[1.0814814814814815]
8960,1,13.709959,1,12.122229,243,26,12.088101,27.6,0.0012345679012345679,0.0012345679012345679,0.18
[1.106172839506173]
8980,1,17.282127,1,15.015469,243,19,14.967946,38.5,0.0012345679012345679,0.0012345679012345679,0.16
[1.1481481481481481]
9000,1,10.140488,1,9.342060,243,30,9.320106,17.8,0.0012345679012345679,0.0012345679012345679,0.16
[0.8987654320987655]
9020,1,13.589676,1,12.369317,243,27,12.340434,23.4,0.0012345679012345679,0.0012345679012345679,0.16
[1.1308641975308642]
9040,1,13.328374,1,10.693295,243,27,10.647021,37.5,0.0012345679012345679,0.0012345679012345679,0.19
[0.7012345679012345]
9060,1,15.663931,1,12.975009,243,8,12.889862,69.0,0.0012345679012345679,0.0012345679012345679,0.16
[1.088888888888889]
9080,1,16.582447,1,14.389891,243,37,14.329762,48.7,0.0012345679012345679,0.0012345679012345679,0.16
[1.1679012345679012]
9100,1,17.476770,1,15.533890,243,29,15.477476,45.7,0.0012345679012345679,0.0012345679012345679,0.16
[1.0938271604938272]
9120,1,13.879766,1,11.779564,243,31,11.751052,23.1,0.0012345679012345679,0.0012345679012345679,0.19
[1.234567901234568]
9140,1,14.039425,1,11.840605,243,30,11.810475,24.4,0.0012345679012345679,0.0012345679012345679,0.16
[1.2987654320987654]
9160,1,18.731754,0,16.526770,243,30,16.481864,36.4,0.0012345679012345679,0.0012345679012345679,0.16
[1.2098765432098766]
9180,1,17.615921,1,15.420030,243,26,15.387383,26.4,0.0012345679012345679,0.0012345679012345679,0.18
[1.2987654320987654]
9200,1,17.614403,1,15.107997,243,32,15.071961,29.2,0.0012345679012345679,0.0012345679012345679,0.17
[1.2987654320987654]
9220,1,16.842697,1,14.417277,243,31,14.363228,43.8,0.0012345679012345679,0.0012345679012345679,0.18
[1.2493827160493827]
9240,1,15.924055,1,14.329545,243,17,14.282369,38.2,0.0012345679012345679,0.0012345679012345679,0.18
[0.9037037037037037]
9260,1,17.440037,1,14.785961,243,32,14.739063,38.0,0.0012345679012345679,0.0012345679012345679,0.17
[1.2395061728395063]
9280,1,6.849180,0,3.887839,243,28,3.847761,32.5,0.0012345679012345679,0.0012345679012345679,0.17
[1.1506172839506172]
9300,1,12.855574,0,11.290289,243,23,11.244456,37.1,0.0012345679012345679,0.0012345679012345679,0.17
[1.0790123456790124]
9320,1,10.424554,0,8.788213,243,34,8.753900,27.8,0.0012345679012345679,0.0012345679012345679,0.19
[0.9061728395061728]
9340,1,12.912739,1,10.770507,243,30,10.723035,38.5,0.0012345679012345679,0.0012345679012345679,0.18
[0.928395061728395]
9360,1,15.252082,1,13.500669,243,24,13.444726,45.3,0.0012345679012345679,0.0012345679012345679,0.20
[1.2987654320987654]
9380,1,17.083374,0,14.332233,243,25,14.276182,45.4,0.0012345679012345679,0.0012345679012345679,0.18
[0.7234567901234568]
9400,1,9.835217,1,8.368300,243,29,8.326991,33.5,0.0012345679012345679,0.0012345679012345679,0.20
[1.1530864197530863]
9420,1,15.746940,1,14.999484,243,36,14.969519,24.3,0.0012345679012345679,0.0012345679012345679,0.16
[1.0987654320987654]
9440,1,14.651243,1,12.496000,243,31,12.418410,62.8,0.0012345679012345679,0.0012345679012345679,0.19
[0.9308641975308642]
9460,1,23.338829,1,18.231710,243,32,18.150207,66.0,0.0012345679012345679,0.0012345679012345679,0.16
[1.2543209876543209]
9480,1,14.912962,0,13.658373,243,38,13.613911,36.0,0.0012345679012345679,0.0012345679012345679,0.19
[1.0543209876543211]
9500,1,8.974558,0,7.428061,243,29,7.359921,55.2,0.0012345679012345679,0.0012345679012345679,0.19
[0.7012345679012345]
9520,1,12.745292,1,11.019403,243,17,11.002323,13.8,0.0012345679012345679,0.0012345679012345679,0.17
[1.2592592592592593]
9540,1,4.705956,1,1.691396,243,21,1.614430,62.3,0.0012345679012345679,0.0012345679012345679,0.19
[0.7308641975308642]
9560,1,7.694571,0,6.442930,243,30,6.398907,35.7,0.0012345679012345679,0.0012345679012345679,0.19
[1.0543209876543211]
9580,1,9.719576,1,9.000616,243,9,8.975803,20.1,0.0012345679012345679,0.0012345679012345679,0.18
[0.7111111111111111]
9600,1,15.142735,1,12.870317,243,31,12.842153,22.8,0.0012345679012345679,0.0012345679012345679,0.17
[1.1604938271604937]
9620,1,4.448708,0,2.573077,243,29,2.523146,40.4,0.0012345679012345679,0.0012345679012345679,0.17
[0.8049382716049382]
9640,1,9.719955,1,8.338585,243,21,8.288857,40.3,0.0012345679012345679,0.0012345679012345679,0.19
[0.7012345679012345]
9660,1,9.827751,0,9.214214,243,28,9.191407,18.5,0.0012345679012345679,0.0012345679012345679,0.20
[0.928395061728395]
9680,1,16.070314,1,12.290863,243,28,12.215672,60.9,0.0012345679012345679,0.0012345679012345679,0.16
[1.2987654320987654]
9700,1,7.602626,0,6.479436,243,26,6.443554,29.1,0.0012345679012345679,0.0012345679012345679,0.18
[0.8987654320987655]
9720,1,10.518902,1,8.927891,243,36,8.875782,42.2,0.0012345679012345679,0.0012345679012345679,0.16
[0.8024691358024691]
9740,1,8.386797,1,7.073480,243,18,7.040900,26.4,0.0012345679012345679,0.0012345679012345679,0.17
[1.1185185185185185]
9760,1,13.968545,1,11.820807,243,19,11.795257,20.7,0.0012345679012345679,0.0012345679012345679,0.18
[1.2370370370370372]
9780,1,13.588438,1,9.559896,243,29,9.491152,55.7,0.0012345679012345679,0.0012345679012345679,0.17
[1.1975308641975309]
9800,1,12.029816,1,10.794108,243,35,10.731604,50.6,0.0012345679012345679,0.0012345679012345679,0.18
[1.0493827160493827]
9820,1,10.934458,1,8.795084,243,40,8.739630,44.9,0.0012345679012345679,0.0012345679012345679,0.17
[1.0765432098765433]
9840,1,9.239504,1,7.579840,243,16,7.541044,31.4,0.0012345679012345679,0.0012345679012345679,0.17
[0.8962962962962963]
9860,1,12.172887,1,10.566700,243,45,10.520522,37.4,0.0012345679012345679,0.0012345679012345679,0.18
[1.1012345679012345]
9880,1,12.580902,1,10.765438,243,31,10.715226,40.7,0.0012345679012345679,0.0012345679012345679,0.18
[1.0790123456790124]
9900,1,12.860348,1,10.728235,243,18,10.693966,27.8,0.0012345679012345679,0.0012345679012345679,0.17
[0.7407407407407407]
9920,1,14.968705,1,13.412369,243,12,13.375901,29.5,0.0012345679012345679,0.0012345679012345679,0.16
[1.1555555555555554]
9940,1,13.009510,1,10.201016,243,25,10.132082,55.8,0.0012345679012345679,0.0012345679012345679,0.18
[0.7012345679012345]
9960,1,11.349129,1,9.922725,243,31,9.888289,27.9,0.0012345679012345679,0.0012345679012345679,0.15
[1.123456790123457]
9980,1,8.598587,0,6.478843,243,21,6.422799,45.4,0.0012345679012345679,0.0012345679012345679,0.18
[0.7012345679012345]
