0,1,17.064274,1,13.665743,0.23
[-0.87267161]
20,1,9.111374,1,8.202778,0.23
[-0.43699063]
40,1,16.911900,1,14.592537,0.21
[-0.59764254]
60,1,14.567862,1,13.005356,0.36
[-0.1444994]
80,1,12.637167,1,10.486217,0.29
[-0.21609427]
100,1,12.756292,1,11.022138,0.24
[0.54350983]
120,1,15.048113,1,13.730853,0.23
[-0.23879508]
140,1,12.154953,1,9.908041,0.23
[0.73035498]
160,1,3.622992,1,3.553646,0.21
[0.01527939]
180,1,18.801434,1,16.031450,0.23
[0.87267161]
200,1,15.687366,1,14.688011,0.23
[0.83250863]
220,1,9.712105,1,8.692279,0.23
[-0.165454]
240,1,16.013948,1,15.133834,0.23
[-0.07901629]
260,1,23.694479,1,19.308884,0.23
[-0.32872522]
280,1,20.233681,1,15.225790,0.24
[-0.83512796]
300,1,7.871102,1,7.872979,0.34
[0.00130966]
320,1,6.409620,1,5.817086,0.23
[0.52430145]
340,1,5.117974,0,-0.692994,0.23
[-0.81941201]
360,1,12.741845,1,9.097888,0.23
[-0.87267161]
380,1,22.660614,1,20.653481,0.41
[-0.62470889]
400,1,14.063629,1,8.823904,0.23
[-0.44310239]
420,1,10.247392,1,8.194537,0.26
[-0.87267161]
440,1,16.043364,1,14.819086,0.23
[0.1235448]
460,1,11.736216,1,8.887938,0.23
[0.27371941]
480,1,15.652220,1,14.634082,0.40
[-0.17418508]
500,1,26.608952,1,21.780371,0.23
[-0.30864374]
520,1,16.323086,1,14.705160,0.33
[0.87267161]
540,1,16.365032,1,6.594817,0.24
[-0.87267161]
560,1,13.425747,1,11.949888,0.23
[0.197759]
580,1,14.672754,1,11.624163,0.42
[0.17505819]
600,1,13.478420,1,10.530662,0.24
[0.20649008]
620,1,15.832903,1,14.651255,0.28
[0.1663271]
640,1,19.166330,1,15.625894,0.23
[0.65177524]
660,1,19.249565,1,18.411966,0.24
[-0.0371071]
680,1,13.601084,1,11.792403,0.23
[0.54525605]
700,1,19.894911,1,15.212658,0.23
[0.87267161]
720,1,10.992125,1,8.273216,0.23
[-0.54089051]
740,1,0.968774,0,-2.502773,0.23
[-0.57319551]
760,1,8.899773,1,7.094965,0.23
[0.37238063]
780,1,16.885010,1,13.414703,0.22
[-0.75043646]
800,1,7.087658,1,6.911987,0.23
[0.10520953]
820,1,14.796530,1,10.280996,0.24
[0.86568674]
840,1,15.577200,1,14.099169,0.23
[-0.19863211]
860,1,15.326376,1,13.362199,0.24
[0.57668794]
880,1,14.449162,1,12.414763,0.23
[-0.58629213]
900,1,2.665615,0,-0.081324,0.23
[-0.87267161]
920,1,16.438301,1,14.022571,0.24
[-0.60899294]
940,1,9.464516,1,5.694103,0.31
[-0.85520944]
960,1,14.774525,1,11.645826,0.23
[0.80369606]
980,1,25.792372,1,21.044407,0.23
[0.87267161]
1000,1,15.611584,1,12.504245,0.23
[0.87267161]
1020,1,23.484915,1,20.445225,0.24
[-0.82465066]
1040,1,19.812819,1,16.544537,0.31
[0.81504647]
1060,1,14.243061,1,12.536240,0.23
[-0.72860876]
1080,1,12.215489,1,10.187593,0.23
[0.85433634]
1100,1,16.282640,1,12.918993,0.23
[0.6046274]
1120,1,15.622883,1,14.069470,0.33
[0.06330034]
1140,1,14.787079,1,13.052178,0.30
[0.58891145]
1160,1,13.483687,1,11.126926,0.24
[-0.86655985]
1180,1,21.396906,1,17.040787,0.23
[0.78274147]
1200,1,12.991738,1,9.084434,0.27
[0.84647836]
1220,1,17.892635,1,16.414116,0.23
[-0.50072753]
1240,1,13.528664,1,12.108971,0.23
[-0.42040158]
1260,0,-3.610857,0,-6.093316,0.25
[0.31213617]
1280,1,18.576963,1,16.377237,0.24
[-0.42040158]
1300,1,14.807665,1,11.268010,0.23
[0.73384741]
1320,1,18.799757,1,15.530581,0.23
[-0.81068093]
1340,1,14.158349,1,12.850704,0.31
[0.21871359]
1360,1,19.158264,1,16.532879,0.23
[0.87267161]
1380,1,13.181866,1,11.728781,0.24
[-0.11568683]
1400,1,9.422705,1,8.479633,0.23
[-0.17418508]
1420,1,11.456078,1,9.988121,0.23
[-0.17855062]
1440,1,11.235821,1,8.348305,0.23
[-0.87267161]
1460,1,16.416531,1,15.139229,0.24
[0.28506981]
1480,1,23.615156,1,19.785221,0.27
[-0.3374563]
1500,1,4.237680,1,1.711577,0.24
[0.83163552]
1520,1,6.586692,1,5.335101,0.23
[-0.14624562]
1540,1,16.486704,1,12.660738,0.29
[0.87267161]
1560,1,20.777367,1,17.609888,0.33
[0.28070427]
1580,1,16.302620,1,14.751005,0.34
[0.87267161]
1600,1,11.668488,1,9.143674,0.23
[0.39508144]
1620,1,8.439411,1,7.120918,0.23
[0.20037832]
1640,1,12.399036,1,9.960812,0.22
[-0.87267161]
1660,1,9.789992,1,8.079082,0.23
[0.44746793]
1680,1,13.484389,1,11.906670,0.35
[-0.62645511]
1700,1,14.222455,1,13.681248,0.23
[0.11655994]
1720,1,12.946386,1,11.359161,0.24
[-0.35142603]
1740,1,16.665979,1,12.745487,0.32
[0.87267161]
1760,1,16.668203,1,13.772425,0.45
[-0.30078576]
1780,1,20.482361,1,17.870701,0.37
[0.8290162]
1800,1,9.700348,1,7.097677,0.23
[0.37063441]
1820,1,19.630825,1,17.187483,0.27
[0.16196156]
1840,1,22.233213,1,19.879217,0.27
[0.39770077]
1860,1,15.171288,1,13.128552,0.25
[0.6046274]
1880,1,9.117659,1,3.723378,0.24
[0.87267161]
1900,1,8.997969,1,7.838059,0.23
[-0.86481363]
1920,1,13.729300,1,9.535075,0.27
[-0.35055293]
1940,1,4.202732,0,-6.986110,0.23
[-0.87267161]
1960,1,19.781139,1,16.702488,0.20
[-0.14275318]
1980,1,17.739988,1,15.397772,0.27
[0.53652497]
2000,1,6.512959,1,6.516572,0.35
[-0.00043655]
2020,1,19.050014,1,14.669082,0.36
[-0.28157738]
2040,0,-13.882016,0,-13.889161,0.33
[0.00218277]
2060,1,14.803131,1,11.805076,0.38
[0.8717985]
2080,1,21.584431,1,16.825066,0.43
[-0.30253198]
2100,1,19.534967,1,17.266462,0.40
[-0.31999414]
2120,1,20.957150,1,18.934759,0.34
[0.24577995]
2140,1,13.734086,1,10.974013,0.38
[-0.73472052]
2160,1,11.767057,1,9.160905,0.38
[-0.36452266]
2180,1,14.601070,1,13.956311,0.36
[-0.1017171]
2200,1,14.343937,1,9.346049,0.39
[-0.63343997]
2220,1,17.114906,1,13.107477,0.46
[0.625582]
2240,1,19.144444,1,16.167122,0.39
[0.74869025]
2260,1,31.497772,1,23.689270,0.46
[-0.65963322]
2280,1,11.214309,1,6.182662,0.34
[0.87267161]
2300,1,18.077780,1,16.533487,0.37
[-0.87267161]
2320,1,10.374676,1,7.655412,0.38
[-0.3584109]
2340,1,18.074005,1,14.623594,0.38
[0.87267161]
2360,1,13.367147,1,10.203522,0.35
[0.64304416]
2380,1,11.678680,1,7.085938,0.35
[-0.64566349]
2400,1,11.485603,1,10.460047,0.36
[0.09997088]
2420,1,15.397129,1,13.849203,0.35
[0.74170538]
2440,1,14.915205,1,13.316156,0.29
[0.70852727]
2460,1,17.988340,1,14.237976,0.36
[-0.68058781]
2480,1,7.627797,1,5.949379,0.41
[-0.85782877]
2500,1,14.354244,1,12.551056,0.30
[0.06242723]
2520,1,24.061136,1,20.478184,0.34
[-0.52080902]
2540,1,12.209914,1,10.499462,0.40
[-0.67622227]
2560,1,10.811181,1,7.785289,0.44
[0.62907443]
2580,1,12.015711,1,8.725204,0.36
[0.74869025]
2600,1,24.821369,1,20.718239,0.29
[0.32086725]
2620,1,12.061234,1,9.977549,0.32
[0.25451103]
2640,1,17.059807,1,14.510349,0.32
[-0.45794523]
2660,1,13.298145,1,11.738676,0.38
[0.13140278]
2680,1,15.169806,1,11.744843,0.41
[-0.65963322]
2700,1,10.460997,1,7.728981,0.42
[0.63343997]
2720,1,5.148533,1,3.849127,0.33
[0.81417336]
2740,1,9.499434,1,8.940903,0.30
[-0.24752616]
2760,1,5.856636,1,4.587575,0.46
[-0.4221478]
2780,1,15.230928,1,10.552538,0.34
[0.36190333]
2800,1,12.361253,1,10.245909,0.38
[0.1121944]
2820,1,16.855572,1,13.502627,0.41
[-0.43175199]
2840,1,19.805218,1,17.217630,0.40
[-0.14188008]
2860,1,12.617325,1,9.343122,0.26
[-0.87267161]
2880,1,19.346703,1,17.769535,0.23
[-0.41428982]
2900,1,10.513236,1,8.725569,0.26
[-0.22395224]
2920,1,10.646751,1,8.081623,0.32
[-0.57668794]
2940,1,14.571171,1,12.771524,0.23
[-0.06417345]
2960,1,12.522276,1,11.529171,0.28
[0.14188008]
2980,1,8.866598,1,7.581622,0.34
[0.57843416]
3000,1,11.265170,1,9.446953,0.32
[0.80893471]
3020,1,18.711605,1,17.429777,0.36
[-0.09473224]
3040,1,10.020179,1,8.733534,0.23
[-0.83425485]
3060,1,2.413075,0,-0.620802,0.35
[-0.11568683]
3080,1,25.816004,1,23.016575,0.44
[-0.16370778]
3100,1,10.554890,1,9.123106,0.38
[-0.64391727]
3120,1,23.560917,1,21.133997,0.34
[-0.12179859]
3140,1,19.809902,1,17.017357,0.50
[0.30602441]
3160,1,7.365550,1,5.381242,0.40
[0.19164724]
3180,1,24.642509,1,21.083437,0.35
[-0.84735147]
3200,1,17.602737,1,16.330891,0.36
[-0.12703724]
3220,1,19.285389,1,14.850286,0.46
[-0.87005228]
3240,1,8.147497,1,6.913664,0.38
[-0.1768044]
3260,1,13.379356,1,10.725869,0.33
[-0.48937712]
3280,1,12.430124,1,10.491473,0.35
[-0.5077124]
3300,1,17.421551,1,16.547092,0.39
[-0.05456926]
3320,1,17.838287,1,16.774944,0.39
[0.10608264]
3340,1,22.651651,1,18.831011,0.49
[-0.39682766]
3360,1,12.667851,1,10.580566,0.39
[0.23355643]
3380,1,18.446161,1,16.355486,0.32
[0.87267161]
3400,1,17.616623,1,14.058164,0.23
[0.39246212]
3420,1,16.690020,1,14.670883,0.35
[-0.51033172]
3440,1,15.394641,1,14.382208,0.31
[-0.06242723]
3460,1,13.874144,1,11.608041,0.39
[0.65439457]
3480,1,18.739819,1,15.495186,0.44
[-0.49025023]
3500,1,16.675383,1,13.393594,0.38
[0.49636199]
3520,1,2.803095,1,0.196117,0.28
[0.41690915]
3540,1,15.346993,1,13.397154,0.40
[0.22569846]
3560,1,13.979475,1,12.624058,0.40
[-0.17418508]
3580,1,7.340947,1,6.235398,0.25
[0.73384741]
3600,1,8.273141,1,6.618568,0.29
[0.14275318]
3620,1,19.322283,1,15.754068,0.24
[-0.29903955]
3640,1,11.763628,1,9.235829,0.38
[-0.24228751]
3660,1,20.769297,1,18.591278,0.34
[0.8717985]
3680,1,14.821492,1,13.003208,0.40
[-0.24577995]
3700,1,16.457466,1,14.135772,0.44
[0.63431308]
3720,1,14.307046,1,13.138356,0.29
[-0.36103022]
3740,1,22.016186,1,18.011511,0.32
[-0.54176361]
3760,1,13.338620,1,11.052944,0.41
[0.40468563]
3780,1,5.820024,1,4.015832,0.40
[0.0694121]
3800,1,10.668091,1,8.520893,0.38
[-0.45532591]
3820,1,13.119156,1,8.415640,0.39
[-0.87267161]
3840,1,13.375667,1,12.097366,0.32
[0.34356806]
3860,1,15.475422,1,12.582602,0.28
[-0.23879508]
3880,1,16.586260,1,12.653931,0.35
[-0.14799183]
3900,1,18.394936,1,14.612150,0.43
[-0.52779388]
3920,1,17.824036,1,15.819288,0.34
[-0.79496498]
3940,1,17.481628,1,13.023096,0.31
[0.78710701]
3960,1,17.592096,1,15.734764,0.38
[0.27895806]
3980,1,21.944246,1,17.579443,0.46
[0.31300928]
4000,1,6.227091,1,5.415552,0.35
[-0.14973805]
4020,1,15.589530,1,13.503323,0.37
[0.15148427]
4040,1,16.311794,1,13.943272,0.37
[0.45881834]
4060,1,10.796819,1,8.093558,0.30
[-0.74956336]
4080,1,19.809416,1,17.537685,0.39
[0.87267161]
4100,1,14.766312,1,12.352710,0.32
[-0.87267161]
4120,1,17.645319,1,14.352062,0.42
[-0.5077124]
4140,1,7.416099,1,6.138191,0.35
[-0.4649301]
4160,1,10.762730,1,9.125383,0.23
[0.38722347]
4180,1,14.566858,1,11.907207,0.23
[-0.87267161]
4200,1,17.050791,1,15.704220,0.31
[0.06242723]
4220,1,20.707100,1,16.665649,0.23
[-0.34356806]
4240,1,17.356184,1,15.661759,0.24
[-0.25363792]
4260,1,10.758514,1,8.232331,0.23
[-0.23530265]
4280,1,8.989075,1,7.624958,0.23
[0.29118157]
4300,1,11.603647,1,9.209286,0.30
[0.85957498]
4320,1,21.430279,1,19.095184,0.22
[0.82552377]
4340,1,15.219870,1,13.383433,0.24
[0.17505819]
4360,1,3.201994,0,-0.479910,0.24
[0.85259012]
4380,1,8.191944,1,5.629391,0.23
[0.55311402]
4400,1,12.445458,1,3.940882,0.33
[0.87267161]
4420,1,9.949224,1,9.951822,0.33
[0.00043655]
4440,1,15.340140,1,12.997056,0.34
[0.87267161]
4460,1,6.830051,1,5.346861,0.41
[0.30777063]
4480,1,11.166351,1,10.128912,0.27
[0.24927238]
4500,1,6.119474,1,2.309789,0.34
[0.64391727]
4520,1,18.481308,1,16.067890,0.38
[0.74781714]
4540,1,11.899434,1,9.342866,0.37
[0.81155404]
4560,1,13.580288,1,12.072610,0.42
[-0.11568683]
4580,1,18.669975,1,17.754066,0.30
[0.07290453]
4600,1,23.414608,1,21.895700,0.27
[-0.10520953]
4620,1,4.267024,1,1.902571,0.33
[-0.85433634]
4640,1,14.105644,1,11.958438,0.40
[-0.79321876]
4660,1,12.744944,1,9.993788,0.40
[0.5941501]
4680,1,10.136930,1,10.007592,0.38
[-0.09647845]
4700,1,11.460071,1,10.331101,0.38
[-0.11655994]
4720,1,13.581788,1,12.136766,0.30
[0.14799183]
4740,1,1.290898,1,0.307075,0.33
[-0.657887]
4760,1,16.154562,1,13.195486,0.32
[0.87267161]
4780,1,18.718985,1,17.128004,0.38
[0.10346332]
4800,1,17.004654,1,13.583703,0.32
[-0.84298593]
4820,1,20.714163,1,17.428717,0.38
[0.84211282]
4840,1,11.503124,1,8.582497,0.34
[-0.85346323]
4860,1,1.594927,1,0.575892,0.50
[0.03972642]
4880,1,11.878624,1,8.803716,0.38
[0.7216239]
4900,1,10.580496,1,9.088445,0.31
[0.87267161]
4920,1,27.629015,1,21.469521,0.38
[-0.58803835]
4940,1,24.412148,1,19.170012,0.34
[-0.48239226]
4960,1,11.468809,1,9.819894,0.39
[-0.46231077]
4980,1,16.827587,1,13.202274,0.49
[0.66574497]
5000,1,18.047831,1,14.835724,0.31
[0.33221766]
5020,1,18.868324,1,15.627766,0.38
[0.41428982]
5040,1,9.431052,1,8.064657,0.36
[0.62121646]
5060,1,16.130085,1,13.407330,0.37
[0.51120483]
5080,1,15.837380,1,12.744816,0.39
[0.39770077]
5100,1,12.595524,1,9.753670,0.52
[0.84211282]
5120,1,21.320250,1,14.546650,0.39
[-0.85520944]
5140,1,13.490544,1,12.003304,0.37
[0.28943536]
5160,1,18.071440,1,14.555879,0.32
[-0.41603604]
5180,1,11.106408,1,9.099098,0.37
[-0.87267161]
5200,1,8.745996,1,7.543753,0.37
[-0.54263672]
5220,1,13.514646,1,12.256385,0.47
[0.17593129]
5240,1,11.937416,1,8.145585,0.40
[-0.87267161]
5260,1,13.190586,1,9.548033,0.38
[0.49898131]
5280,1,18.432253,1,17.170918,0.36
[-0.07552386]
5300,1,20.118786,1,17.069965,0.29
[-0.46667631]
5320,1,19.544825,1,18.159527,0.34
[-0.83338174]
5340,1,27.303566,1,23.814503,0.32
[-0.33832941]
5360,1,15.084620,1,12.143344,0.24
[0.83512796]
5380,1,14.290359,1,12.520304,0.35
[-0.5400174]
5400,1,17.791655,1,16.278778,0.27
[0.15759602]
5420,1,10.901291,1,9.745324,0.39
[-0.06068102]
5440,1,12.013792,1,10.967995,0.37
[-0.07901629]
5460,1,17.499239,1,16.104622,0.40
[-0.4439755]
5480,1,18.082367,1,14.448581,0.25
[-0.66050632]
5500,1,19.539171,1,16.947945,0.35
[-0.08512805]
5520,1,20.586514,1,17.496096,0.40
[0.7644062]
5540,1,13.473518,1,11.852956,0.50
[-0.87267161]
5560,1,11.134501,1,10.273139,0.40
[-0.26324211]
5580,1,12.536597,1,11.949780,0.37
[0.14973805]
5600,1,7.448559,1,6.416025,0.36
[-0.18029684]
5620,1,9.671786,1,8.343806,0.32
[0.87267161]
5640,1,13.417339,1,10.567602,0.51
[0.80980782]
5660,1,13.121189,1,9.227775,0.37
[0.60724673]
5680,1,13.038001,1,11.374193,0.37
[-0.19164724]
5700,1,13.649925,1,12.865876,0.36
[-0.13140278]
5720,1,8.919193,1,6.343804,0.37
[0.87267161]
5740,1,19.002560,1,15.528984,0.38
[-0.55922578]
5760,1,20.033911,1,18.050894,0.40
[-0.23704887]
5780,1,20.275772,1,18.861252,0.33
[-0.36626887]
5800,1,12.462302,1,10.379557,0.34
[0.26411522]
5820,1,20.433178,1,16.064980,0.24
[-0.87267161]
5840,1,23.059944,1,17.272455,0.35
[-0.58541902]
5860,1,18.383835,1,17.522549,0.44
[-0.07901629]
5880,1,19.206993,1,16.941061,0.39
[0.87267161]
5900,1,17.467110,1,14.854792,0.24
[-0.1872817]
5920,1,15.304005,1,12.114252,0.42
[0.62994754]
5940,1,10.421234,1,9.962702,0.36
[-0.53565186]
5960,1,7.725220,1,6.260596,0.35
[-0.40730496]
5980,1,15.054336,1,13.848343,0.34
[0.8717985]
6000,1,11.766983,1,9.892018,0.36
[0.22395224]
6020,1,6.921355,1,4.214560,0.31
[-0.56359132]
6040,1,15.542364,1,13.271639,0.23
[-0.50247375]
6060,1,17.946014,1,14.156374,0.23
[0.61597781]
6080,1,11.533715,1,9.836108,0.24
[0.29903955]
6100,1,14.133522,1,11.622555,0.26
[-0.48937712]
6120,1,12.205257,1,8.502733,0.35
[-0.84298593]
6140,1,21.493181,1,17.228647,0.29
[0.68757268]
6160,1,19.891939,1,16.873610,0.26
[-0.31126306]
6180,1,22.859459,1,20.359056,0.31
[-0.68320714]
6200,1,15.001772,1,12.423937,0.39
[0.165454]
6220,1,17.587816,1,15.092584,0.41
[0.84211282]
6240,1,20.967379,1,19.254656,0.28
[-0.08687426]
6260,1,20.756496,1,18.793053,0.30
[-0.16894643]
6280,1,19.947182,1,18.291767,0.28
[0.17418508]
6300,1,17.997568,1,15.008393,0.40
[-0.87267161]
6320,1,19.722139,1,17.425646,0.38
[-0.18291616]
6340,1,29.065163,1,23.705364,0.35
[-0.59589632]
6360,1,17.044331,1,14.821511,0.39
[-0.15934224]
6380,1,10.244361,1,8.035101,0.38
[0.87267161]
6400,1,10.455595,1,6.977433,0.32
[0.38722347]
6420,1,11.775491,1,9.877999,0.36
[-0.58978456]
6440,1,20.823542,1,19.252445,0.33
[-0.10433643]
6460,1,6.616315,1,5.765626,0.29
[0.10870197]
6480,1,8.171584,1,6.985541,0.38
[-0.05020372]
6500,1,17.522530,1,13.827264,0.33
[-0.53914429]
6520,1,17.200554,1,13.185993,0.46
[0.48064604]
6540,1,16.271606,1,13.655000,0.40
[-0.74257849]
6560,0,-2.580761,0,-4.781657,0.38
[0.73122809]
6580,1,15.317641,1,13.598647,0.47
[0.12791035]
6600,1,8.090453,1,6.640851,0.39
[0.26498833]
6620,1,15.075339,1,11.844173,0.38
[-0.38373104]
6640,1,14.348074,1,11.866126,0.45
[0.63169375]
6660,1,16.995857,1,13.867222,0.28
[0.81941201]
6680,1,15.776313,1,14.757407,0.27
[-0.33047144]
6700,1,5.301596,1,5.301711,0.40
[0.00130966]
6720,1,17.106564,1,15.899576,0.33
[-0.15584981]
6740,1,10.972708,1,7.132050,0.38
[0.54612915]
6760,1,17.159302,1,15.399043,0.40
[-0.17767751]
6780,1,14.125852,1,11.544580,0.36
[0.87267161]
6800,1,19.190578,1,17.586906,0.43
[-0.20998251]
6820,1,19.957445,1,17.989639,0.34
[-0.262369]
6840,1,21.199087,1,17.532747,0.36
[-0.5618451]
6860,1,18.561573,1,16.393478,0.38
[-0.3156286]
6880,1,16.185280,1,13.794397,0.39
[0.35579158]
6900,1,9.897756,1,8.460915,0.37
[0.12092548]
6920,1,24.502048,1,21.351910,0.42
[0.19164724]
6940,1,15.232454,1,14.464706,0.34
[0.08687426]
6960,1,15.502983,1,12.191942,0.34
[-0.87267161]
6980,1,10.219703,1,9.452466,0.31
[0.07203142]
7000,1,19.304409,1,17.692097,0.39
[-0.11743305]
7020,1,7.340340,1,6.765638,0.30
[-0.17418508]
7040,1,18.353729,1,16.390652,0.35
[-0.14100697]
7060,1,17.889750,1,14.369038,0.36
[-0.34444117]
7080,1,20.820597,1,18.197052,0.31
[0.34182185]
7100,1,13.745587,1,12.985026,0.41
[0.40293942]
7120,1,25.823235,1,20.472492,0.47
[0.87267161]
7140,1,21.731678,1,18.145128,0.25
[-0.20125143]
7160,1,17.775234,1,16.058283,0.33
[0.10520953]
7180,1,14.325351,1,12.211082,0.30
[-0.87267161]
7200,1,8.189195,1,6.149080,0.45
[-0.32523279]
7220,1,15.912824,1,11.851822,0.38
[-0.14275318]
7240,1,9.941284,1,8.055658,0.24
[-0.14188008]
7260,1,12.864802,1,10.745193,0.41
[-0.14013386]
7280,1,19.490931,1,17.002573,0.28
[-0.69717687]
7300,1,12.311711,1,10.991332,0.27
[-0.85520944]
7320,1,12.150856,1,11.467805,0.29
[-0.27895806]
7340,1,20.830790,1,18.130295,0.35
[0.5400174]
7360,1,17.108664,1,14.668392,0.43
[0.40643185]
7380,1,12.956173,1,10.303143,0.31
[-0.44834104]
7400,1,10.172327,1,4.242890,0.37
[0.51731659]
7420,1,13.751123,1,12.360076,0.43
[-0.63780551]
7440,1,17.957151,1,15.980197,0.40
[0.49199645]
7460,1,11.913546,1,10.696858,0.34
[-0.2091094]
7480,1,21.044649,1,19.025290,0.35
[-0.73122809]
7500,1,17.097557,1,14.782160,0.23
[0.22831778]
7520,1,14.329249,1,10.906403,0.30
[-0.6797147]
7540,1,15.145428,1,13.744151,0.38
[0.18116994]
7560,1,11.788980,1,11.457520,0.35
[0.03186845]
7580,1,9.412989,1,6.678093,0.29
[0.14799183]
7600,1,18.768595,1,16.481855,0.26
[0.19601278]
7620,1,12.507318,1,10.797799,0.27
[0.37063441]
7640,1,10.499499,1,9.322920,0.24
[-0.12791035]
7660,1,21.739634,1,19.540228,0.34
[-0.3584109]
7680,1,10.876463,1,9.665023,0.38
[-0.22744468]
7700,1,11.440880,1,9.827367,0.35
[0.46231077]
7720,1,16.750637,1,14.169630,0.24
[-0.09735156]
7740,1,23.467772,1,21.396572,0.23
[-0.19164724]
7760,1,12.433949,1,10.399880,0.30
[-0.87267161]
7780,1,18.930721,1,15.441723,0.30
[0.38285793]
7800,1,21.887493,1,10.267944,0.29
[0.80893471]
7820,1,17.271126,1,14.729801,0.23
[0.71551214]
7840,1,9.731256,1,7.440229,0.23
[0.83163552]
7860,1,8.732334,1,7.713816,0.37
[0.10608264]
7880,1,14.642972,1,13.674852,0.32
[-0.08600115]
7900,1,12.292200,1,10.415157,0.26
[0.62034335]
7920,1,11.978264,1,10.830254,0.23
[-0.64391727]
7940,1,13.971320,1,9.522793,0.23
[-0.7862339]
7960,1,16.083097,1,13.082668,0.26
[-0.3374563]
7980,1,18.859331,1,16.310881,0.32
[-0.39595455]
8000,1,11.204265,1,5.005824,0.30
[-0.87267161]
8020,1,9.507133,1,6.259757,0.24
[0.87267161]
8040,1,15.210989,1,12.081082,0.27
[0.80893471]
8060,1,19.953001,1,16.362358,0.32
[0.19513967]
8080,1,19.819332,1,17.389874,0.32
[-0.11394062]
8100,1,19.506489,1,14.959217,0.32
[-0.56621064]
8120,1,20.429197,1,18.382280,0.23
[-0.30864374]
8140,1,20.480495,1,19.444141,0.20
[0.04933061]
8160,1,7.326376,1,5.144647,0.20
[0.87267161]
8180,1,12.748550,1,10.254248,0.30
[0.65352146]
8200,1,10.736388,1,7.754897,0.34
[-0.87267161]
8220,1,22.883129,1,19.584370,0.23
[0.1663271]
8240,1,12.091229,1,10.298765,0.24
[0.72773565]
8260,1,14.516951,1,11.850739,0.22
[0.52342834]
8280,1,15.045245,1,10.152941,0.24
[0.26149589]
8300,1,20.567587,1,18.239979,0.31
[-0.36626887]
8320,1,18.342365,1,15.873145,0.29
[0.87267161]
8340,1,17.984352,1,17.370958,0.25
[0.08774737]
8360,1,16.254580,1,14.272285,0.38
[-0.25451103]
8380,1,15.801327,1,13.952787,0.39
[-0.1226717]
8400,1,11.011810,1,10.654373,0.41
[-0.13227589]
8420,1,20.929052,1,18.496717,0.31
[-0.16108846]
8440,1,23.048485,1,20.026924,0.34
[-0.28681603]
8460,1,22.361845,1,20.338335,0.37
[-0.74607092]
8480,1,20.040136,1,14.610767,0.46
[-0.48501158]
8500,1,20.126472,1,16.968277,0.39
[0.22657157]
8520,1,5.104573,1,2.711383,0.39
[-0.85695566]
8540,1,19.429028,1,15.508936,0.38
[-0.85520944]
8560,1,26.113024,1,20.041058,0.37
[-0.87005228]
8580,1,17.624310,1,13.974476,0.38
[0.55747956]
8600,1,20.142963,1,17.108690,0.40
[-0.26586144]
8620,1,12.235667,1,9.928586,0.40
[0.44484861]
8640,1,12.745480,1,10.148218,0.36
[0.22395224]
8660,1,22.301752,1,19.932957,0.37
[-0.27197319]
8680,1,15.950893,1,13.727141,0.40
[0.34531428]
8700,1,11.207946,1,9.068602,0.38
[-0.28245049]
8720,1,19.008991,1,17.613155,0.39
[-0.80369606]
8740,1,20.826958,1,18.229910,0.41
[-0.24141441]
8760,1,18.056839,1,15.805811,0.40
[0.87267161]
8780,1,28.485205,1,23.525043,0.36
[-0.33571009]
8800,1,34.816238,1,27.689861,0.35
[-0.87267161]
8820,1,25.572845,1,19.496994,0.42
[-0.87267161]
8840,1,22.518696,1,20.857088,0.39
[0.09909778]
8860,1,21.250061,1,20.223188,0.36
[0.05194994]
8880,1,29.301733,1,25.073334,0.39
[-0.85957498]
8900,1,10.515898,1,7.689917,0.38
[0.42127469]
8920,1,18.085659,1,14.737225,0.35
[0.37150752]
8940,1,18.939589,1,16.953974,0.34
[0.15410359]
8960,1,21.739536,1,17.705786,0.43
[0.68757268]
8980,1,13.930503,1,12.819751,0.30
[-0.86568674]
9000,1,15.174259,1,12.925947,0.25
[-0.48850402]
9020,1,18.247383,1,15.785467,0.41
[-0.29030846]
9040,1,11.516294,1,7.822564,0.51
[-0.45270658]
9060,1,21.814508,1,19.331635,0.38
[-0.4221478]
9080,1,21.215982,1,19.158323,0.37
[-0.87267161]
9100,1,27.567251,1,23.732300,0.40
[-0.26848076]
9120,1,21.494682,1,17.695635,0.36
[0.65526768]
9140,1,21.009501,1,17.071074,0.35
[-0.52517456]
9160,1,18.298523,1,15.831635,0.42
[-0.4762805]
9180,1,16.854359,1,15.413405,0.35
[0.20736319]
9200,1,17.520708,1,15.475751,0.24
[0.15235737]
9220,1,23.959297,1,20.927181,0.22
[0.48413848]
9240,1,13.895640,1,11.862768,0.33
[0.84036661]
9260,1,18.338366,1,16.978283,0.22
[-0.27721184]
9280,1,7.707968,1,2.080360,0.23
[-0.46667631]
9300,1,19.289585,1,15.906761,0.25
[0.63518619]
9320,1,14.540588,1,11.370095,0.29
[0.87005228]
9340,1,16.895615,1,14.189135,0.43
[0.294674]
9360,1,19.468267,1,16.948965,0.35
[-0.46143766]
9380,1,22.760754,1,19.778093,0.35
[0.26324211]
9400,1,12.883223,1,7.855203,0.31
[0.83425485]
9420,1,25.152544,1,21.729273,0.29
[-0.43175199]
9440,1,16.960039,1,14.760301,0.23
[0.38111171]
9460,1,26.839214,1,24.507256,0.24
[-0.13664143]
9480,1,19.550766,1,17.103081,0.41
[-0.18378927]
9500,1,6.505528,1,2.072538,0.43
[-0.25363792]
9520,1,18.492321,1,16.997406,0.41
[-0.4658032]
9540,1,8.238527,1,7.165202,0.40
[0.83076242]
9560,1,9.726425,1,7.953788,0.40
[0.33571009]
9580,1,9.749365,1,8.213720,0.31
[0.23617576]
9600,1,10.105440,1,9.148973,0.34
[-0.15061116]
9620,1,1.334944,1,0.219274,0.35
[-0.83862039]
9640,1,12.406576,1,11.235815,0.30
[0.14362629]
9660,1,11.320059,1,9.082657,0.31
[0.32959833]
9680,1,17.985426,1,15.856604,0.26
[-0.37150752]
9700,1,8.566655,1,4.914986,0.37
[0.87267161]
9720,1,11.028349,1,8.097157,0.27
[-0.87267161]
9740,1,12.621438,1,7.331812,0.28
[0.87267161]
9760,1,18.156206,1,15.069326,0.39
[-0.31126306]
9780,1,12.936929,1,11.745126,0.39
[0.06417345]
9800,1,16.879539,1,13.870691,0.35
[0.81155404]
9820,1,15.585028,1,13.464435,0.36
[-0.34269495]
9840,1,15.132843,1,12.055086,0.41
[0.87267161]
9860,1,19.245760,1,16.909307,0.35
[-0.11394062]
9880,1,17.622032,1,15.739884,0.30
[-0.75742133]
9900,1,15.767815,1,14.241641,0.27
[0.84735147]
9920,1,20.691013,1,19.049467,0.29
[0.34182185]
9940,1,12.418234,1,7.308778,0.32
[0.87267161]
9960,1,15.349607,1,12.886383,0.24
[-0.87267161]
9980,1,14.237321,1,10.129211,0.23
[-0.85608255]
