0,1,12.176976,0,9.879398,0.22
[0.9056028]
20,1,8.407043,1,6.917907,0.23
[0.91070535]
40,1,9.373032,1,8.804445,0.22
[1.29969985]
60,1,15.937255,1,12.378308,0.28
[0.7]
80,1,10.616462,0,8.059023,0.23
[1.3]
100,1,18.822720,1,15.327337,0.24
[1.0955978]
120,1,14.257379,1,11.937558,0.22
[0.88609305]
140,1,12.238461,1,10.598781,0.22
[0.91130565]
160,1,10.451265,0,9.145279,0.21
[1.26878439]
180,1,12.710295,1,11.371682,0.22
[1.23516758]
200,1,12.414439,1,9.007339,0.26
[0.78464232]
220,1,9.449639,0,8.501682,0.23
[1.0883942]
240,1,11.249562,1,10.178036,0.23
[0.7]
260,1,16.616537,1,14.325867,0.23
[0.89329665]
280,1,15.568456,1,13.239916,0.22
[1.0901951]
300,1,11.448026,1,9.304295,0.31
[1.24957479]
320,1,3.337870,1,2.299821,0.23
[0.79034517]
340,0,-2.945988,0,-3.141950,0.23
[0.94102051]
360,1,10.310753,0,8.953695,0.23
[1.29849925]
380,1,13.192116,1,8.193519,0.23
[1.21055528]
400,1,12.536527,1,10.819287,0.22
[1.08509255]
420,1,8.897223,1,7.003967,0.22
[1.2933967]
440,1,16.487497,1,14.625066,0.22
[0.7]
460,1,6.508118,1,4.380328,0.32
[0.7]
480,1,12.902021,1,10.650452,0.37
[1.29909955]
500,1,18.477674,0,16.285778,0.21
[1.0823912]
520,1,14.003310,1,11.956075,0.35
[0.88249125]
540,1,10.146411,1,9.237006,0.22
[1.3]
560,1,12.276216,1,9.847013,0.22
[0.72791396]
580,1,12.212907,1,10.737744,0.33
[0.78434217]
600,1,16.259640,1,13.844406,0.23
[0.87348674]
620,1,14.284493,1,12.433167,0.22
[0.90590295]
640,1,11.326382,0,10.997299,0.23
[1.23366683]
660,1,14.275446,0,11.484015,0.23
[1.12771386]
680,1,22.639282,1,18.802502,0.22
[0.7]
700,1,11.034124,0,9.319898,0.25
[1.23936968]
720,1,8.208042,0,3.159340,0.23
[0.7]
740,1,3.088812,0,1.969043,0.33
[0.77323662]
760,1,7.105550,1,6.055928,0.23
[0.89869935]
780,1,11.882912,0,8.639668,0.23
[1.3]
800,1,7.674036,0,6.323897,0.26
[0.86688344]
820,1,16.186728,1,14.903057,0.29
[1.09469735]
840,1,12.910553,1,11.589041,0.27
[1.21835918]
860,1,22.210522,1,18.349392,0.23
[1.23546773]
880,1,10.384073,1,8.885704,0.23
[0.88969485]
900,1,4.206040,0,2.147888,0.28
[1.3]
920,1,9.874206,1,8.557109,0.37
[1.27748874]
940,1,6.769792,1,6.393869,0.23
[1.03796898]
960,1,12.540493,0,10.236761,0.23
[1.3]
980,1,16.488987,1,14.508551,0.22
[0.93261631]
1000,1,11.302032,1,9.833811,0.32
[0.85007504]
1020,1,12.839479,1,10.965218,0.22
[1.21025513]
1040,1,12.118840,1,10.389764,0.22
[1.2975988]
1060,1,15.481482,0,12.529449,0.25
[0.76333167]
1080,1,9.400202,0,7.383176,0.22
[0.79574787]
1100,1,12.289606,0,10.414383,0.22
[1.2993997]
1120,1,11.351319,1,10.195054,0.23
[1.18234117]
1140,1,11.761806,0,9.947810,0.22
[0.82396198]
1160,1,11.895868,0,9.799883,0.23
[0.84317159]
1180,1,12.862572,0,11.736434,0.23
[1.3]
1200,1,6.524835,1,5.074186,0.21
[1.09709855]
1220,1,12.974261,1,10.522262,0.22
[1.07578789]
1240,1,10.284515,1,9.232112,0.22
[1.3]
1260,0,-1.634597,1,-2.458087,0.23
[1.06018009]
1280,1,11.450397,1,9.952326,0.22
[1.3]
1300,1,9.824066,0,8.059927,0.32
[0.76483242]
1320,1,12.544722,1,9.518119,0.23
[1.22646323]
1340,1,11.897064,1,11.096649,0.23
[0.94852426]
1360,1,11.317874,0,10.559484,0.27
[1.3]
1380,1,7.061645,0,6.345639,0.21
[0.90290145]
1400,1,11.864697,1,10.903898,0.22
[0.85367684]
1420,1,16.795240,1,15.237976,0.22
[0.718009]
1440,1,6.480530,1,5.187735,0.32
[0.89449725]
1460,1,14.524023,0,12.606146,0.29
[1.08929465]
1480,1,16.333479,0,12.584928,0.22
[0.76363182]
1500,1,2.835603,0,1.305944,0.22
[0.77083542]
1520,1,8.448851,0,7.460714,0.29
[1.18474237]
1540,1,8.663157,0,7.187530,0.27
[1.10610305]
1560,1,16.139313,1,14.719938,0.27
[0.87918959]
1580,1,12.794819,1,10.246316,0.22
[1.13221611]
1600,1,7.045359,0,6.017840,0.22
[0.7]
1620,1,13.343506,0,11.700598,0.23
[0.81705853]
1640,1,9.739192,1,7.852148,0.22
[0.84407204]
1660,1,8.625973,1,5.880304,0.25
[0.77773887]
1680,1,11.709003,1,9.884077,0.22
[1.1052026]
1700,1,15.332290,1,13.828209,0.32
[0.93021511]
1720,1,13.326984,0,11.666752,0.42
[0.7]
1740,1,10.927580,1,9.630454,0.37
[1.3]
1760,1,11.038612,1,9.427185,0.23
[1.15802901]
1780,1,13.802272,1,12.009344,0.23
[1.28109055]
1800,1,16.738121,1,14.337505,0.26
[1.16223112]
1820,1,19.471910,1,16.906122,0.32
[1.3]
1840,1,13.469860,0,12.454182,0.23
[1.0937969]
1860,1,10.507002,1,8.749725,0.22
[0.80925463]
1880,1,6.075506,0,5.212768,0.22
[1.09049525]
1900,1,11.017586,1,9.224681,0.22
[0.7]
1920,1,9.682446,0,7.460558,0.29
[1.2933967]
1940,1,9.863605,0,6.297300,0.25
[1.28589295]
1960,1,15.697715,1,13.600887,0.32
[1.2855928]
1980,1,12.437454,1,10.011700,0.33
[0.72431216]
2000,1,13.259790,1,10.124578,0.34
[0.78524262]
2020,1,11.242350,0,9.578122,0.39
[1.20305153]
2040,1,4.546993,0,1.982253,0.40
[0.7072036]
2060,1,14.978371,1,13.968925,0.40
[0.74322161]
2080,1,19.553020,1,16.536808,0.38
[1.21175588]
2100,1,12.875334,1,11.475386,0.40
[1.26968484]
2120,1,13.447407,1,11.788952,0.37
[1.15142571]
2140,1,23.763849,0,20.009827,0.37
[1.08629315]
2160,1,12.770800,1,11.821022,0.40
[1.08509255]
2180,1,12.853319,1,10.138546,0.41
[1.23846923]
2200,1,9.397364,1,8.332417,0.38
[1.3]
2220,1,15.295067,0,12.769252,0.45
[1.12921461]
2240,1,13.658274,0,11.370838,0.32
[1.20815408]
2260,1,19.453562,1,15.563132,0.41
[0.914007]
2280,1,4.575279,0,2.911382,0.40
[0.7]
2300,1,12.151442,0,10.889487,0.41
[1.0883942]
2320,1,6.087597,1,5.042116,0.34
[0.7]
2340,1,15.180506,0,12.909539,0.39
[0.7006003]
2360,1,17.381132,1,15.417870,0.35
[1.1142071]
2380,1,9.376837,0,7.514806,0.39
[1.07878939]
2400,1,11.708494,1,9.295084,0.30
[1.2975988]
2420,1,13.470886,1,11.688788,0.36
[0.7]
2440,1,12.034784,1,10.917967,0.45
[0.85397699]
2460,1,9.909765,0,8.416306,0.30
[0.7]
2480,1,5.742523,1,4.804833,0.31
[1.17903952]
2500,1,13.998103,1,11.480342,0.36
[1.06138069]
2520,1,11.139479,1,10.202159,0.46
[1.15772886]
2540,1,10.246861,0,8.973792,0.37
[0.78374187]
2560,1,8.067936,0,6.514802,0.34
[0.7]
2580,1,10.809495,1,9.935585,0.31
[0.84917459]
2600,1,14.373043,1,12.791620,0.33
[1.1172086]
2620,1,12.789310,1,11.590202,0.40
[1.0823912]
2640,1,12.401401,1,11.054897,0.41
[1.21445723]
2660,1,13.228563,1,11.048141,0.39
[1.07458729]
2680,1,9.228796,1,8.152876,0.33
[0.70030015]
2700,1,9.241718,0,8.861479,0.30
[0.93411706]
2720,1,2.805872,1,1.573622,0.39
[1.04907454]
2740,1,8.608356,1,7.559146,0.34
[1.21745873]
2760,1,5.463245,1,4.837384,0.38
[0.95032516]
2780,1,9.476395,1,9.315886,0.42
[1.02086043]
2800,1,13.458509,1,11.772999,0.40
[0.79634817]
2820,1,12.799470,0,10.202937,0.29
[0.91250625]
2840,1,13.967848,1,13.387468,0.30
[1.097999]
2860,1,3.962732,1,2.654841,0.30
[0.88249125]
2880,1,12.617389,1,11.321754,0.27
[1.25797899]
2900,1,12.496173,0,10.060975,0.23
[1.1178089]
2920,1,12.805414,0,10.534607,0.27
[1.08689345]
2940,1,12.504782,1,9.367183,0.35
[1.23576788]
2960,1,12.120893,1,11.689752,0.37
[0.94222111]
2980,1,20.820486,1,17.910648,0.30
[1.17153577]
3000,1,11.173695,1,9.542170,0.22
[0.82546273]
3020,1,15.341692,1,11.737246,0.33
[1.08209105]
3040,1,9.152955,1,7.467319,0.44
[1.3]
3060,1,2.111397,1,0.879500,0.38
[0.74592296]
3080,1,18.111813,1,15.497234,0.33
[1.1046023]
3100,1,7.879864,1,7.436014,0.43
[1.3]
3120,1,15.067089,0,13.119491,0.37
[0.87588794]
3140,1,14.369004,1,12.870321,0.33
[1.07068534]
3160,1,5.518204,0,3.332530,0.34
[1.22436218]
3180,1,18.027155,1,15.662477,0.43
[1.0835918]
3200,1,14.790220,1,12.359286,0.39
[0.7]
3220,1,15.783821,1,14.117929,0.34
[1.29969985]
3240,1,5.916055,1,4.399395,0.35
[0.83116558]
3260,1,11.782390,0,7.255362,0.40
[0.74052026]
3280,1,8.356460,0,7.314551,0.38
[0.74382191]
3300,1,15.318204,0,13.316408,0.43
[0.85727864]
3320,1,11.175562,1,10.103204,0.38
[1.2897949]
3340,1,12.910207,1,11.386129,0.35
[1.07518759]
3360,1,10.121151,0,8.210202,0.22
[1.2915958]
3380,1,12.334966,1,10.413858,0.37
[1.27178589]
3400,1,13.948650,1,11.375389,0.27
[1.17243622]
3420,1,10.666035,1,9.676945,0.40
[1.13491746]
3440,1,10.369854,1,9.185123,0.46
[1.14062031]
3460,1,7.095308,0,6.252907,0.38
[0.95332666]
3480,1,13.133636,1,10.836556,0.28
[1.3]
3500,1,16.330803,0,14.135750,0.42
[1.26098049]
3520,1,6.483490,0,5.955849,0.38
[0.83206603]
3540,1,13.985069,1,11.369012,0.26
[1.09229615]
3560,1,21.245949,1,19.377935,0.30
[0.9068034]
3580,1,5.602559,0,4.588592,0.23
[0.93471736]
3600,1,11.854753,1,9.759511,0.35
[1.26668334]
3620,1,14.839815,0,12.208298,0.39
[0.70390195]
3640,1,10.230003,1,8.395370,0.39
[1.06318159]
3660,1,13.150418,1,11.384436,0.41
[1.07788894]
3680,1,13.093706,1,9.912956,0.26
[1.19674837]
3700,1,12.867781,0,10.862036,0.33
[0.75252626]
3720,1,12.275145,0,10.428496,0.38
[1.3]
3740,1,13.607121,0,12.406441,0.40
[1.24597299]
3760,1,12.145605,1,11.003542,0.38
[1.1190095]
3780,1,2.133034,1,0.836377,0.40
[0.7186093]
3800,1,13.182755,1,10.935872,0.33
[0.70630315]
3820,1,10.511457,1,9.200292,0.28
[1.05867934]
3840,1,10.117272,0,8.315370,0.32
[0.7]
3860,1,11.768242,0,10.168092,0.48
[1.25707854]
3880,1,11.865737,0,10.671960,0.29
[1.0925963]
3900,1,12.319621,1,11.307901,0.31
[1.17873937]
3920,1,13.215103,0,12.309072,0.39
[0.9086043]
3940,1,13.486110,1,11.979782,0.44
[1.04277139]
3960,1,18.081490,1,15.261683,0.34
[1.26788394]
3980,1,15.935726,1,13.293244,0.34
[1.0943972]
4000,1,7.665795,1,5.947638,0.33
[0.92871436]
4020,1,15.881799,1,12.517954,0.29
[0.76333167]
4040,1,11.864902,1,9.524950,0.38
[0.74412206]
4060,1,11.047654,0,8.725497,0.29
[1.12831416]
4080,1,15.950305,1,13.579675,0.38
[1.12081041]
4100,1,11.285003,1,7.894237,0.36
[1.18294147]
4120,1,10.855991,0,8.745594,0.22
[1.0865933]
4140,1,10.449891,1,9.242887,0.22
[1.24057029]
4160,1,13.239704,1,11.371782,0.32
[1.07278639]
4180,1,10.566762,1,9.120746,0.24
[1.06018009]
4200,1,15.525289,0,13.197777,0.26
[0.908004]
4220,1,13.429483,1,11.709103,0.22
[0.93021511]
4240,1,14.303657,0,11.954080,0.23
[1.13131566]
4260,1,11.264533,0,9.606409,0.26
[0.88669335]
4280,1,7.530642,1,6.412669,0.29
[1.27178589]
4300,1,4.199996,0,3.522324,0.32
[0.7]
4320,1,16.523281,1,13.163568,0.22
[1.3]
4340,1,11.302273,1,9.356079,0.23
[1.1088044]
4360,1,2.575481,0,1.525439,0.35
[1.22226113]
4380,1,6.958237,0,5.098527,0.32
[0.7]
4400,1,7.154343,0,3.428447,0.31
[1.27508754]
4420,1,10.600216,0,9.070231,0.37
[0.86658329]
4440,1,10.823125,1,10.009043,0.26
[0.91610805]
4460,1,7.459950,1,6.481382,0.35
[0.93981991]
4480,1,9.981525,1,9.012320,0.38
[1.19794897]
4500,1,3.779553,0,3.407490,0.37
[1.05147574]
4520,1,11.966988,1,11.308455,0.43
[1.0925963]
4540,1,9.474771,0,7.295739,0.30
[0.7]
4560,1,11.846395,0,9.375912,0.27
[0.7]
4580,1,13.097377,1,11.882631,0.33
[1.23666833]
4600,1,20.295195,1,17.775761,0.42
[1.07878939]
4620,1,6.891115,1,4.507133,0.36
[1.29549775]
4640,1,8.726192,1,7.405709,0.37
[0.86418209]
4660,1,11.217375,0,7.615638,0.39
[0.7]
4680,1,27.712690,1,25.003637,0.29
[0.7]
4700,1,10.834709,1,9.436401,0.34
[0.70030015]
4720,1,12.845563,1,10.417023,0.39
[1.12801401]
4740,0,-0.349378,0,-1.728661,0.35
[0.7]
4760,1,12.885807,0,10.962752,0.32
[1.13161581]
4780,1,15.547329,1,13.091380,0.38
[1.08209105]
4800,1,12.903190,1,10.738783,0.34
[1.11570785]
4820,1,14.892681,1,12.352632,0.47
[1.25047524]
4840,1,10.742892,0,9.209864,0.38
[0.8953977]
4860,1,2.933996,1,-2.435111,0.30
[1.2915958]
4880,1,8.761916,1,5.811371,0.38
[1.25587794]
4900,1,9.030497,0,7.435328,0.34
[1.12741371]
4920,1,13.925516,1,11.418154,0.40
[0.92061031]
4940,1,14.268123,0,12.032656,0.49
[1.08149075]
4960,1,14.315272,0,12.114208,0.30
[1.27508754]
4980,1,15.313224,1,13.984447,0.40
[1.0835918]
5000,1,11.833255,1,10.199412,0.34
[0.92091046]
5020,1,12.584720,1,11.207125,0.34
[1.27478739]
5040,1,9.058895,0,7.677002,0.39
[1.3]
5060,1,13.551218,1,10.681484,0.46
[1.26698349]
5080,1,14.036735,1,12.360352,0.39
[0.91430715]
5100,1,10.474292,0,8.788172,0.36
[0.7]
5120,1,18.892004,0,15.187462,0.33
[0.78884442]
5140,1,6.214808,1,4.545033,0.38
[1.1082041]
5160,1,11.296233,1,10.160935,0.37
[1.19794897]
5180,1,10.279736,1,8.510322,0.38
[0.78794397]
5200,1,8.821947,0,6.834946,0.33
[1.2993997]
5220,1,8.544207,1,7.637294,0.37
[1.07008504]
5240,1,8.340755,1,7.417246,0.36
[1.09529765]
5260,1,8.415592,1,6.538216,0.30
[1.3]
5280,1,18.754690,1,16.168726,0.49
[0.89209605]
5300,1,13.931367,1,12.919267,0.27
[0.85877939]
5320,1,13.065699,1,11.116550,0.22
[1.28889445]
5340,1,16.098835,1,14.492817,0.34
[0.85817909]
5360,1,12.266840,0,11.083547,0.30
[1.24207104]
5380,1,12.556249,0,10.406424,0.43
[1.19884942]
5400,1,15.513360,1,13.189903,0.30
[1.06438219]
5420,1,13.330404,0,10.759157,0.43
[0.70150075]
5440,1,9.855690,1,7.887549,0.25
[0.80145073]
5460,1,12.349348,1,11.361960,0.36
[1.23576788]
5480,1,13.917822,1,11.785177,0.33
[1.26068034]
5500,1,18.824417,1,15.972431,0.46
[1.3]
5520,1,13.296113,0,11.158575,0.40
[1.3]
5540,1,11.400080,1,9.522301,0.38
[1.18174087]
5560,1,9.544706,0,8.703982,0.36
[0.76423212]
5580,1,12.013409,1,10.072441,0.32
[0.83296648]
5600,1,4.104904,0,3.728427,0.51
[1.06858429]
5620,1,6.777753,0,5.462166,0.38
[1.18204102]
5640,1,10.049370,0,8.556043,0.38
[0.90830415]
5660,1,17.878456,1,15.954741,0.34
[1.17993997]
5680,1,8.354925,1,7.508530,0.37
[0.93621811]
5700,1,9.040603,1,8.358025,0.39
[0.73271636]
5720,1,10.623548,0,8.194331,0.38
[1.26668334]
5740,1,12.606405,0,10.369202,0.32
[1.24837419]
5760,1,16.213373,1,14.219525,0.35
[1.07548774]
5780,1,17.092876,1,15.358202,0.22
[0.93921961]
5800,1,11.862961,1,8.550657,0.30
[0.7]
5820,1,16.390205,0,13.625047,0.45
[0.7]
5840,1,15.219627,1,12.609444,0.37
[0.89989995]
5860,1,14.645155,1,12.288325,0.28
[1.07908954]
5880,1,12.820815,0,10.784896,0.42
[1.3]
5900,1,15.809183,0,11.728540,0.34
[1.3]
5920,1,14.835197,1,13.163922,0.35
[0.72851426]
5940,1,11.158317,1,10.031288,0.36
[1.104002]
5960,1,10.086287,1,8.527425,0.40
[1.15382691]
5980,1,18.163818,1,11.580499,0.24
[0.71110555]
6000,1,11.217369,1,9.186768,0.23
[1.13461731]
6020,1,14.338267,1,11.691034,0.20
[1.22676338]
6040,1,18.800806,1,12.378791,0.25
[0.7018009]
6060,1,11.696735,0,10.168196,0.32
[1.23546773]
6080,1,13.623165,0,10.190681,0.39
[0.7108054]
6100,1,14.847261,0,12.126854,0.29
[0.7]
6120,1,15.387050,0,13.309486,0.23
[1.10610305]
6140,1,16.342932,1,14.574661,0.36
[1.20635318]
6160,1,16.646194,1,13.670691,0.41
[0.89569785]
6180,1,20.589142,1,17.111233,0.46
[1.25947974]
6200,1,11.923969,1,10.613880,0.28
[0.93111556]
6220,1,12.622221,1,11.065374,0.31
[0.74052026]
6240,1,18.317938,0,13.406000,0.31
[0.75342671]
6260,1,15.862312,1,12.826581,0.44
[0.86118059]
6280,1,17.560253,1,15.812167,0.34
[1.26218109]
6300,1,11.484957,1,9.848574,0.35
[0.72191096]
6320,1,13.968739,1,12.354378,0.39
[1.3]
6340,1,17.544821,1,16.233990,0.39
[0.95632816]
6360,1,15.057864,0,12.287502,0.32
[1.1022011]
6380,1,11.157898,0,10.005331,0.41
[0.74292146]
6400,1,6.467129,1,4.538159,0.31
[0.75702851]
6420,1,6.210909,1,5.137614,0.29
[0.93261631]
6440,1,17.004585,1,14.922426,0.38
[0.92211106]
6460,1,9.788698,1,6.495020,0.34
[1.2867934]
6480,1,14.018264,0,12.239350,0.44
[1.10010005]
6500,1,15.655656,1,13.920160,0.39
[0.92151076]
6520,1,12.442393,1,10.520394,0.38
[0.9116058]
6540,1,10.819779,1,9.804116,0.47
[1.27478739]
6560,1,1.671535,0,0.307883,0.37
[0.82426213]
6580,1,10.040546,1,8.857334,0.38
[1.07218609]
6600,1,11.158171,1,7.349617,0.38
[0.7]
6620,1,15.100512,1,12.275163,0.38
[0.70630315]
6640,1,13.013243,1,10.961602,0.30
[1.10730365]
6660,1,17.812309,1,13.222197,0.41
[1.3]
6680,1,14.305766,1,12.435635,0.33
[0.76453227]
6700,1,13.533579,1,10.186612,0.37
[1.3]
6720,1,14.852938,1,13.374989,0.38
[1.3]
6740,1,8.846685,0,7.134847,0.39
[0.89449725]
6760,1,13.394792,1,11.737834,0.43
[1.06678339]
6780,1,10.755476,1,9.612838,0.34
[1.13131566]
6800,1,14.798294,1,13.184368,0.35
[1.23516758]
6820,1,14.400864,0,11.712105,0.50
[1.20185093]
6840,1,15.942668,0,12.424288,0.33
[1.22976488]
6860,1,13.446862,1,11.376019,0.36
[1.24177089]
6880,1,15.439901,0,12.735906,0.40
[1.28289145]
6900,1,17.054501,1,15.081030,0.34
[0.72881441]
6920,1,15.707531,1,14.076977,0.35
[0.95032516]
6940,1,10.916550,1,9.390724,0.37
[1.0835918]
6960,1,13.259921,0,10.959857,0.42
[1.3]
6980,1,9.662554,1,8.325855,0.28
[0.7]
7000,1,12.618526,1,11.557112,0.37
[1.22166083]
7020,1,15.823256,1,13.245836,0.35
[0.7024012]
7040,1,15.005292,1,12.769917,0.32
[1.07278639]
7060,1,14.157271,1,11.794221,0.40
[0.79934967]
7080,1,14.767690,1,13.621319,0.42
[0.94102051]
7100,1,14.470055,0,12.711114,0.27
[1.08269135]
7120,1,17.408289,0,14.838795,0.32
[0.7]
7140,1,15.451124,1,13.879025,0.25
[1.05657829]
7160,1,16.939838,1,14.731686,0.44
[0.92991496]
7180,1,12.260505,0,9.671207,0.36
[1.3]
7200,1,10.205457,1,8.220031,0.24
[1.12351176]
7220,1,15.733214,1,14.418162,0.46
[1.12861431]
7240,1,5.999539,1,5.731810,0.26
[0.86658329]
7260,1,9.107706,0,8.179249,0.25
[0.8905953]
7280,1,12.042466,1,11.038008,0.33
[1.29969985]
7300,1,10.320824,0,9.044735,0.32
[1.19044522]
7320,1,10.910128,0,9.925743,0.41
[0.82066033]
7340,1,13.278210,1,12.119850,0.31
[1.24957479]
7360,1,14.966217,1,12.832810,0.37
[0.70870435]
7380,1,10.710138,1,9.023316,0.38
[0.91070535]
7400,1,14.569632,0,11.953629,0.36
[0.92481241]
7420,1,11.392059,0,8.595622,0.28
[1.23816908]
7440,1,13.967176,1,12.146329,0.27
[1.0961981]
7460,1,11.892502,1,10.045135,0.23
[0.91010505]
7480,1,19.614092,1,16.693279,0.28
[1.23546773]
7500,1,13.592117,1,11.643723,0.27
[0.83356678]
7520,1,16.460375,0,13.065495,0.41
[1.29069535]
7540,1,20.796871,1,18.390226,0.30
[0.73991996]
7560,1,14.015050,0,12.244790,0.22
[0.85397699]
7580,1,8.293188,1,7.148500,0.26
[0.7]
7600,1,18.320492,1,15.574112,0.34
[1.3]
7620,1,11.856350,1,9.199921,0.33
[0.91130565]
7640,1,9.116210,1,7.926811,0.28
[0.91790895]
7660,1,14.006878,1,12.395883,0.28
[1.07578789]
7680,1,7.940722,0,7.003870,0.22
[1.07608804]
7700,1,7.934515,1,7.096376,0.22
[0.92541271]
7720,1,7.826585,0,6.907866,0.22
[1.15892946]
7740,1,17.621901,1,15.304684,0.23
[0.93231616]
7760,1,10.938154,0,9.674900,0.22
[0.91610805]
7780,1,17.183414,1,15.252888,0.22
[1.17813907]
7800,1,13.305517,0,12.030596,0.23
[1.0895948]
7820,1,16.193260,1,14.761040,0.22
[1.22676338]
7840,1,13.499730,0,10.991690,0.22
[0.7]
7860,1,11.944935,1,10.015842,0.26
[0.80085043]
7880,1,17.601650,1,15.229462,0.23
[0.72251126]
7900,1,7.638427,1,7.641270,0.22
[0.99984992]
7920,1,8.992176,1,8.734053,0.23
[1.0847924]
7940,1,9.686502,1,8.953861,0.23
[1.06888444]
7960,1,11.311351,1,9.882191,0.31
[0.8941971]
7980,1,14.125402,1,11.976663,0.22
[1.21655828]
8000,1,15.005032,0,13.049671,0.21
[1.20815408]
8020,1,8.374607,1,6.936028,0.22
[0.7042021]
8040,1,23.678951,1,21.672375,0.22
[0.7]
8060,1,12.204443,1,10.925801,0.23
[0.93891946]
8080,1,15.685432,1,14.504709,0.22
[0.94102051]
8100,1,12.874430,1,11.371132,0.23
[1.1058029]
8120,1,17.782705,1,13.960724,0.22
[1.21385693]
8140,1,16.763708,1,14.777892,0.22
[0.914007]
8160,1,9.093413,0,6.938615,0.22
[1.16343172]
8180,1,13.141464,0,11.227064,0.23
[1.3]
8200,1,14.653334,1,13.227628,0.20
[1.07788894]
8220,1,16.139481,1,13.547572,0.25
[1.27088544]
8240,1,14.095892,1,12.686467,0.23
[1.085993]
8260,1,13.756470,1,11.272899,0.28
[1.25887944]
8280,1,14.037951,1,10.850914,0.28
[1.3]
8300,1,17.580568,1,15.996008,0.26
[1.11990995]
8320,1,14.711916,0,12.779655,0.38
[0.90710355]
8340,1,16.809227,1,13.620472,0.34
[1.3]
8360,1,15.485819,1,13.569414,0.35
[1.3]
8380,1,20.035301,1,17.520466,0.26
[0.9128064]
8400,1,11.346540,0,9.571955,0.34
[1.3]
8420,1,14.470827,1,12.250032,0.37
[1.20545273]
8440,1,19.201164,1,15.490842,0.41
[0.79364682]
8460,1,19.299231,1,14.764780,0.42
[0.86418209]
8480,1,13.544864,0,11.339061,0.39
[1.28049025]
8500,1,15.765954,0,14.088434,0.37
[1.24057029]
8520,1,3.685315,0,2.666718,0.34
[0.86658329]
8540,1,12.537385,0,11.045801,0.35
[1.27028514]
8560,1,15.848274,1,13.119779,0.41
[0.91730865]
8580,1,18.939835,1,15.969667,0.43
[0.7]
8600,1,12.889408,1,11.457292,0.35
[1.3]
8620,1,10.052781,0,8.168185,0.38
[1.21805903]
8640,1,9.520819,1,8.094695,0.33
[0.92751376]
8660,1,14.136118,1,12.245834,0.40
[0.92001001]
8680,1,13.213725,1,11.096703,0.39
[0.77683842]
8700,1,11.290957,1,9.969851,0.40
[1.22256128]
8720,1,15.694324,1,13.157393,0.37
[1.3]
8740,1,14.220604,1,12.300345,0.35
[1.3]
8760,1,20.016544,1,17.666843,0.34
[0.93231616]
8780,1,16.413227,1,15.360000,0.41
[0.95902951]
8800,1,24.112785,1,20.536171,0.39
[0.81975988]
8820,1,16.819517,1,13.205458,0.38
[0.76033017]
8840,1,17.730288,1,15.991420,0.39
[1.06948474]
8860,1,15.392971,1,13.591249,0.39
[1.06858429]
8880,1,21.143967,1,17.188089,0.39
[0.83986993]
8900,1,11.733936,0,9.783534,0.39
[0.7006003]
8920,1,14.461712,1,11.800321,0.39
[0.7]
8940,1,15.972666,1,13.750749,0.29
[1.08209105]
8960,1,13.709959,1,12.119293,0.25
[1.1046023]
8980,1,17.282127,1,15.013403,0.42
[1.14932466]
9000,1,10.140488,1,9.340883,0.42
[0.89749875]
9020,1,13.589676,1,12.369471,0.34
[1.13071536]
9040,1,13.328374,1,10.689306,0.36
[0.7]
9060,1,15.663931,1,12.973680,0.41
[1.0895948]
9080,1,16.582447,1,14.386578,0.36
[1.16823412]
9100,1,17.476770,1,15.533789,0.39
[1.0943972]
9120,1,13.879766,1,11.779055,0.38
[1.23576788]
9140,1,14.039425,1,11.832650,0.36
[1.3]
9160,1,18.731754,0,16.526838,0.24
[1.21025513]
9180,1,17.615921,1,15.402828,0.22
[1.3]
9200,1,17.614403,1,15.097856,0.23
[1.3]
9220,1,16.842697,1,14.414516,0.34
[1.24957479]
9240,1,15.924055,1,14.328680,0.28
[0.9062031]
9260,1,17.440037,1,14.784564,0.23
[1.23936968]
9280,1,6.849180,0,3.886573,0.24
[1.15082541]
9300,1,12.855574,0,11.285448,0.42
[1.07998999]
9320,1,10.424554,0,8.788351,0.35
[0.9044022]
9340,1,12.912739,1,10.768618,0.36
[0.92751376]
9360,1,15.252082,1,13.498438,0.37
[1.3]
9380,1,17.083374,0,14.330887,0.28
[0.72341171]
9400,1,9.835217,1,8.366106,0.24
[1.15382691]
9420,1,15.746940,1,14.998070,0.22
[1.0985993]
9440,1,14.651243,1,12.496179,0.40
[0.93081541]
9460,1,23.338829,1,18.228867,0.46
[1.25407704]
9480,1,14.912962,0,13.654848,0.39
[1.05357679]
9500,1,8.974558,0,7.393612,0.40
[0.7]
9520,1,12.745292,1,11.018267,0.40
[1.25977989]
9540,1,4.705956,1,1.691197,0.32
[0.73151576]
9560,1,7.694571,0,6.441545,0.35
[1.05267634]
9580,1,9.719576,1,9.000530,0.38
[0.7108054]
9600,1,15.142735,1,12.867529,0.30
[1.16013007]
9620,1,4.448708,0,2.568991,0.31
[0.80325163]
9640,1,9.719955,1,8.319448,0.29
[0.7]
9660,1,9.827751,0,9.212667,0.46
[0.92811406]
9680,1,16.070314,1,12.277209,0.21
[1.3]
9700,1,7.602626,0,6.479249,0.27
[0.89869935]
9720,1,10.518902,1,8.926109,0.39
[0.80295148]
9740,1,8.386797,1,7.072544,0.39
[1.1184092]
9760,1,13.968545,1,11.816212,0.34
[1.23516758]
9780,1,13.588438,1,9.559454,0.36
[1.19464732]
9800,1,12.029816,1,10.791726,0.40
[1.04997499]
9820,1,10.934458,1,8.792701,0.35
[1.07638819]
9840,1,9.239504,1,7.580739,0.30
[0.895998]
9860,1,12.172887,1,10.565810,0.25
[1.10010005]
9880,1,12.580902,1,10.764549,0.31
[1.07668834]
9900,1,12.860348,1,10.727346,0.36
[0.74052026]
9920,1,14.968705,1,13.414248,0.24
[1.15502751]
9940,1,13.009510,1,10.197741,0.22
[0.7018009]
9960,1,11.349129,1,9.922791,0.22
[1.12381191]
9980,1,8.598587,0,6.453914,0.22
[0.7]
